7019,'1442614',733,,1077,23,,,0
7019,'1442622',2003,,1078,23,,,0
7019,'1442670',2133,,1079,23,,,0
7019,'1442732',2033,,1080,23,,,0
7019,'1442767',1633,,1081,23,,,0
7019,'1442817',1703,,1082,23,,,0
7019,'1442848',1803,,1083,23,,,0
7019,'1442896',803,,1084,23,,,0
7019,'1442972',1933,,1085,23,,,0
7019,'1443069',1233,,1086,23,,,0
7019,'1443156',633,,1087,23,,,0
7019,'1443162',1403,,1088,23,,,0
7019,'1443179',1433,,1089,23,,,0
7019,'1443229',1303,,1090,23,,,0
7019,'1443345',1833,,1091,23,,,0
7019,'1443404',833,,1092,23,,,0
7019,'1443436',1203,,1093,23,,,0
7019,'1443487',1133,,1094,23,,,0
7019,'1443532',703,,1095,23,,,0
7019,'1443541',933,,1096,23,,,0
7019,'1443550',2233,,1097,23,,,0
7019,'1443573',1603,,1098,23,,,0
7019,'1443663',1033,,1099,23,,,0
7019,'1443697',1003,,1100,23,,,0
7019,'1443868',903,,1101,23,,,0
7019,'1443959',1103,,1102,23,,,0
7019,'1443993',1333,,1103,23,,,0
7019,'1444109',1503,,1104,23,,,0
7019,'1444167',2103,,1105,23,,,0
7019,'1444230',1903,,1106,23,,,0
7019,'1444467',1733,,1107,23,,,0
7019,'1444493',1533,,1108,23,,,0
7019,'1444706',2203,,1109,23,,,0
7019,'1471238',904,,337,23,,,0
7019,'1471239',934,,338,23,,,0
7019,'1471240',1004,,339,23,,,0
7019,'1471241',1034,,340,23,,,0
7019,'1471242',1104,,341,23,,,0
7019,'1471243',1134,,342,23,,,0
7019,'1471244',1204,,343,23,,,0
7019,'1471245',1234,,344,23,,,0
7019,'1471246',1304,,345,23,,,0
7019,'1471247',1334,,346,23,,,0
7019,'1471248',1404,,347,23,,,0
7019,'1471249',1434,,348,23,,,0
7019,'1471250',1504,,349,23,,,0
7019,'1471251',1534,,350,23,,,0
7019,'1471252',1604,,351,23,,,0
7019,'1471253',1634,,352,23,,,0
7019,'1471254',1704,,353,23,,,0
7019,'1471255',1734,,354,23,,,0
7019,'1471256',1804,,355,23,,,0
7019,'1471257',1834,,356,23,,,0
7019,'1471258',1904,,357,23,,,0
7019,'1471259',1934,,358,23,,,0
7019,'1471260',2004,,359,23,,,0
