7019,'1442614',729,,1077,17,,,0
7019,'1442622',1959,,1078,17,,,0
7019,'1442670',2129,,1079,17,,,0
7019,'1442732',2029,,1080,17,,,0
7019,'1442767',1629,,1081,17,,,0
7019,'1442817',1659,,1082,17,,,0
7019,'1442848',1759,,1083,17,,,0
7019,'1442896',759,,1084,17,,,0
7019,'1442972',1929,,1085,17,,,0
7019,'1443069',1229,,1086,17,,,0
7019,'1443156',629,,1087,17,,,0
7019,'1443162',1359,,1088,17,,,0
7019,'1443179',1429,,1089,17,,,0
7019,'1443229',1259,,1090,17,,,0
7019,'1443345',1829,,1091,17,,,0
7019,'1443404',829,,1092,17,,,0
7019,'1443436',1159,,1093,17,,,0
7019,'1443487',1129,,1094,17,,,0
7019,'1443532',659,,1095,17,,,0
7019,'1443541',929,,1096,17,,,0
7019,'1443550',2229,,1097,17,,,0
7019,'1443573',1559,,1098,17,,,0
7019,'1443663',1029,,1099,17,,,0
7019,'1443697',959,,1100,17,,,0
7019,'1443868',859,,1101,17,,,0
7019,'1443959',1059,,1102,17,,,0
7019,'1443993',1329,,1103,17,,,0
7019,'1444109',1459,,1104,17,,,0
7019,'1444167',2059,,1105,17,,,0
7019,'1444230',1859,,1106,17,,,0
7019,'1444467',1729,,1107,17,,,0
7019,'1444493',1529,,1108,17,,,0
7019,'1444706',2159,,1109,17,,,0
7019,'1471238',902,,337,17,,,0
7019,'1471239',932,,338,17,,,0
7019,'1471240',1002,,339,17,,,0
7019,'1471241',1032,,340,17,,,0
7019,'1471242',1102,,341,17,,,0
7019,'1471243',1132,,342,17,,,0
7019,'1471244',1202,,343,17,,,0
7019,'1471245',1232,,344,17,,,0
7019,'1471246',1302,,345,17,,,0
7019,'1471247',1332,,346,17,,,0
7019,'1471248',1402,,347,17,,,0
7019,'1471249',1432,,348,17,,,0
7019,'1471250',1502,,349,17,,,0
7019,'1471251',1532,,350,17,,,0
7019,'1471252',1602,,351,17,,,0
7019,'1471253',1632,,352,17,,,0
7019,'1471254',1702,,353,17,,,0
7019,'1471255',1732,,354,17,,,0
7019,'1471256',1802,,355,17,,,0
7019,'1471257',1832,,356,17,,,0
7019,'1471258',1902,,357,17,,,0
7019,'1471259',1932,,358,17,,,0
7019,'1471260',2002,,359,17,,,0
