2019,'1467968',1521,,652,7,,,0
2019,'1467993',1651,,655,7,,,0
2019,'1468003',1351,,657,7,,,0
2019,'1468007',2151,,658,7,,,0
2019,'1468017',921,,659,7,,,0
2019,'1468034',1751,,662,7,,,0
2019,'1468038',951,,663,7,,,0
2019,'1468054',851,,665,7,,,0
2019,'1468079',821,,666,7,,,0
2019,'1468088',2021,,667,7,,,0
2019,'1468109',1221,,668,7,,,0
2019,'1468127',751,,670,7,,,0
2019,'1468129',1051,,671,7,,,0
2019,'1468134',1851,,672,7,,,0
2019,'1468156',1821,,673,7,,,0
2019,'1468158',1721,,674,7,,,0
2019,'1468197',1321,,676,7,,,0
2019,'1468238',1121,,677,7,,,0
2019,'1468288',1251,,682,7,,,0
2019,'1468302',1151,,685,7,,,0
2019,'1468306',1621,,686,7,,,0
2019,'1468319',2051,,688,7,,,0
2019,'1468342',1421,,690,7,,,0
2019,'1468357',1021,,691,7,,,0
2019,'1468388',621,,692,7,,,0
2019,'1468403',2221,,695,7,,,0
2019,'1468420',1451,,697,7,,,0
2019,'1468421',651,,698,7,,,0
2019,'1468443',1551,,699,7,,,0
2019,'1468446',2121,,700,7,,,0
2019,'1468448',721,,701,7,,,0
2019,'1468457',1921,,703,7,,,0
2019,'1468482',1951,,705,7,,,0
2019,'1474998',621,,907,7,,,0
2019,'1474999',651,,908,7,,,0
2019,'1475000',721,,909,7,,,0
2019,'1475001',751,,910,7,,,0
2019,'1475002',821,,911,7,,,0
2019,'1475003',851,,912,7,,,0
2019,'1475004',921,,913,7,,,0
2019,'1475005',951,,914,7,,,0
2019,'1475006',1021,,915,7,,,0
2019,'1475007',1051,,916,7,,,0
2019,'1475008',1121,,917,7,,,0
2019,'1475009',1151,,918,7,,,0
2019,'1475010',1221,,919,7,,,0
2019,'1475011',1251,,920,7,,,0
2019,'1475012',1321,,921,7,,,0
2019,'1475013',1351,,922,7,,,0
2019,'1475014',1421,,923,7,,,0
2019,'1475015',1451,,924,7,,,0
2019,'1475016',1521,,925,7,,,0
2019,'1475017',1551,,926,7,,,0
2019,'1475018',1621,,927,7,,,0
2019,'1475019',1651,,928,7,,,0
2019,'1475020',1721,,929,7,,,0
2019,'1475021',1751,,930,7,,,0
2019,'1475022',1821,,931,7,,,0
2019,'1475023',1851,,932,7,,,0
2019,'1475024',1921,,933,7,,,0
2019,'1475025',1951,,934,7,,,0
2019,'1475026',2021,,935,7,,,0
2019,'1475027',2051,,936,7,,,0
2019,'1475028',2121,,937,7,,,0
2019,'1475029',2151,,938,7,,,0
2019,'1475030',2221,,939,7,,,0
2019,'1475031',851,,940,7,,,0
2019,'1475032',921,,941,7,,,0
2019,'1475033',951,,942,7,,,0
2019,'1475034',1021,,943,7,,,0
2019,'1475035',1051,,944,7,,,0
2019,'1475036',1121,,945,7,,,0
2019,'1475037',1151,,946,7,,,0
2019,'1475038',1221,,947,7,,,0
2019,'1475039',1251,,948,7,,,0
2019,'1475040',1321,,949,7,,,0
2019,'1475041',1351,,950,7,,,0
2019,'1475042',1421,,951,7,,,0
2019,'1475043',1451,,952,7,,,0
2019,'1475044',1521,,953,7,,,0
2019,'1475045',1551,,954,7,,,0
2019,'1475046',1621,,955,7,,,0
2019,'1475047',1651,,956,7,,,0
2019,'1475048',1721,,957,7,,,0
2019,'1475049',1751,,958,7,,,0
2019,'1475050',1821,,959,7,,,0
2019,'1475051',1851,,960,7,,,0
2019,'1475052',1921,,961,7,,,0
2019,'1475053',1951,,962,7,,,0
