2019,'1474998',623,,907,18,,,0
2019,'1474999',653,,908,18,,,0
2019,'1475000',723,,909,18,,,0
2019,'1475001',753,,910,18,,,0
2019,'1475002',823,,911,18,,,0
2019,'1475003',853,,912,18,,,0
2019,'1475004',923,,913,18,,,0
2019,'1475005',953,,914,18,,,0
2019,'1475006',1023,,915,18,,,0
2019,'1475007',1053,,916,18,,,0
2019,'1475008',1123,,917,18,,,0
2019,'1475009',1153,,918,18,,,0
2019,'1475010',1223,,919,18,,,0
2019,'1475011',1253,,920,18,,,0
2019,'1475012',1323,,921,18,,,0
2019,'1475013',1353,,922,18,,,0
2019,'1475014',1423,,923,18,,,0
2019,'1475015',1453,,924,18,,,0
2019,'1475016',1523,,925,18,,,0
2019,'1475017',1553,,926,18,,,0
2019,'1475018',1623,,927,18,,,0
2019,'1475019',1653,,928,18,,,0
2019,'1475020',1723,,929,18,,,0
2019,'1475021',1753,,930,18,,,0
2019,'1475022',1823,,931,18,,,0
2019,'1475023',1853,,932,18,,,0
2019,'1475024',1923,,933,18,,,0
2019,'1475025',1953,,934,18,,,0
2019,'1475026',2023,,935,18,,,0
2019,'1475027',2053,,936,18,,,0
2019,'1475028',2123,,937,18,,,0
2019,'1475029',2153,,938,18,,,0
2019,'1475030',2223,,939,18,,,0
2019,'1475031',853,,940,18,,,0
2019,'1475032',923,,941,18,,,0
2019,'1475033',953,,942,18,,,0
2019,'1475034',1023,,943,18,,,0
2019,'1475035',1053,,944,18,,,0
2019,'1475036',1123,,945,18,,,0
2019,'1475037',1153,,946,18,,,0
2019,'1475038',1223,,947,18,,,0
2019,'1475039',1253,,948,18,,,0
2019,'1475040',1323,,949,18,,,0
2019,'1475041',1353,,950,18,,,0
2019,'1475042',1423,,951,18,,,0
2019,'1475043',1453,,952,18,,,0
2019,'1475044',1523,,953,18,,,0
2019,'1475045',1553,,954,18,,,0
2019,'1475046',1623,,955,18,,,0
2019,'1475047',1653,,956,18,,,0
2019,'1475048',1723,,957,18,,,0
2019,'1475049',1753,,958,18,,,0
2019,'1475050',1823,,959,18,,,0
2019,'1475051',1853,,960,18,,,0
2019,'1475052',1923,,961,18,,,0
2019,'1475053',1953,,962,18,,,0
