7019,'1442614',720,,1077,11,,,0
7019,'1442622',1950,,1078,11,,,0
7019,'1442670',2120,,1079,11,,,0
7019,'1442732',2020,,1080,11,,,0
7019,'1442767',1620,,1081,11,,,0
7019,'1442817',1650,,1082,11,,,0
7019,'1442848',1750,,1083,11,,,0
7019,'1442896',750,,1084,11,,,0
7019,'1442972',1920,,1085,11,,,0
7019,'1443069',1220,,1086,11,,,0
7019,'1443156',620,,1087,11,,,0
7019,'1443162',1350,,1088,11,,,0
7019,'1443179',1420,,1089,11,,,0
7019,'1443229',1250,,1090,11,,,0
7019,'1443345',1820,,1091,11,,,0
7019,'1443404',820,,1092,11,,,0
7019,'1443436',1150,,1093,11,,,0
7019,'1443487',1120,,1094,11,,,0
7019,'1443532',650,,1095,11,,,0
7019,'1443541',920,,1096,11,,,0
7019,'1443550',2220,,1097,11,,,0
7019,'1443573',1550,,1098,11,,,0
7019,'1443663',1020,,1099,11,,,0
7019,'1443697',950,,1100,11,,,0
7019,'1443868',850,,1101,11,,,0
7019,'1443959',1050,,1102,11,,,0
7019,'1443993',1320,,1103,11,,,0
7019,'1444109',1450,,1104,11,,,0
7019,'1444167',2050,,1105,11,,,0
7019,'1444230',1850,,1106,11,,,0
7019,'1444467',1720,,1107,11,,,0
7019,'1444493',1520,,1108,11,,,0
7019,'1444706',2150,,1109,11,,,0
7019,'1471238',855,,337,11,,,0
7019,'1471239',925,,338,11,,,0
7019,'1471240',955,,339,11,,,0
7019,'1471241',1025,,340,11,,,0
7019,'1471242',1055,,341,11,,,0
7019,'1471243',1125,,342,11,,,0
7019,'1471244',1155,,343,11,,,0
7019,'1471245',1225,,344,11,,,0
7019,'1471246',1255,,345,11,,,0
7019,'1471247',1325,,346,11,,,0
7019,'1471248',1355,,347,11,,,0
7019,'1471249',1425,,348,11,,,0
7019,'1471250',1455,,349,11,,,0
7019,'1471251',1525,,350,11,,,0
7019,'1471252',1555,,351,11,,,0
7019,'1471253',1625,,352,11,,,0
7019,'1471254',1655,,353,11,,,0
7019,'1471255',1725,,354,11,,,0
7019,'1471256',1755,,355,11,,,0
7019,'1471257',1825,,356,11,,,0
7019,'1471258',1855,,357,11,,,0
7019,'1471259',1925,,358,11,,,0
7019,'1471260',1955,,359,11,,,0
