2019,'1474998',630,,907,32,,,0
2019,'1474999',700,,908,32,,,0
2019,'1475000',730,,909,32,,,0
2019,'1475001',800,,910,32,,,0
2019,'1475002',830,,911,32,,,0
2019,'1475003',900,,912,32,,,0
2019,'1475004',930,,913,32,,,0
2019,'1475005',1000,,914,32,,,0
2019,'1475006',1030,,915,32,,,0
2019,'1475007',1100,,916,32,,,0
2019,'1475008',1130,,917,32,,,0
2019,'1475009',1200,,918,32,,,0
2019,'1475010',1230,,919,32,,,0
2019,'1475011',1300,,920,32,,,0
2019,'1475012',1330,,921,32,,,0
2019,'1475013',1400,,922,32,,,0
2019,'1475014',1430,,923,32,,,0
2019,'1475015',1500,,924,32,,,0
2019,'1475016',1530,,925,32,,,0
2019,'1475017',1600,,926,32,,,0
2019,'1475018',1630,,927,32,,,0
2019,'1475019',1700,,928,32,,,0
2019,'1475020',1730,,929,32,,,0
2019,'1475021',1800,,930,32,,,0
2019,'1475022',1830,,931,32,,,0
2019,'1475023',1900,,932,32,,,0
2019,'1475024',1930,,933,32,,,0
2019,'1475025',2000,,934,32,,,0
2019,'1475026',2030,,935,32,,,0
2019,'1475027',2100,,936,32,,,0
2019,'1475028',2130,,937,32,,,0
2019,'1475029',2200,,938,32,,,0
2019,'1475030',2230,,939,32,,,0
2019,'1475031',900,,940,32,,,0
2019,'1475032',930,,941,32,,,0
2019,'1475033',1000,,942,32,,,0
2019,'1475034',1030,,943,32,,,0
2019,'1475035',1100,,944,32,,,0
2019,'1475036',1130,,945,32,,,0
2019,'1475037',1200,,946,32,,,0
2019,'1475038',1230,,947,32,,,0
2019,'1475039',1300,,948,32,,,0
2019,'1475040',1330,,949,32,,,0
2019,'1475041',1400,,950,32,,,0
2019,'1475042',1430,,951,32,,,0
2019,'1475043',1500,,952,32,,,0
2019,'1475044',1530,,953,32,,,0
2019,'1475045',1600,,954,32,,,0
2019,'1475046',1630,,955,32,,,0
2019,'1475047',1700,,956,32,,,0
2019,'1475048',1730,,957,32,,,0
2019,'1475049',1800,,958,32,,,0
2019,'1475050',1830,,959,32,,,0
2019,'1475051',1900,,960,32,,,0
2019,'1475052',1930,,961,32,,,0
2019,'1475053',2000,,962,32,,,0
