2019,'1474998',635,,907,37,,,0
2019,'1474999',705,,908,37,,,0
2019,'1475000',735,,909,37,,,0
2019,'1475001',805,,910,37,,,0
2019,'1475002',835,,911,37,,,0
2019,'1475003',905,,912,37,,,0
2019,'1475004',935,,913,37,,,0
2019,'1475005',1005,,914,37,,,0
2019,'1475006',1035,,915,37,,,0
2019,'1475007',1105,,916,37,,,0
2019,'1475008',1135,,917,37,,,0
2019,'1475009',1205,,918,37,,,0
2019,'1475010',1235,,919,37,,,0
2019,'1475011',1305,,920,37,,,0
2019,'1475012',1335,,921,37,,,0
2019,'1475013',1405,,922,37,,,0
2019,'1475014',1435,,923,37,,,0
2019,'1475015',1505,,924,37,,,0
2019,'1475016',1535,,925,37,,,0
2019,'1475017',1605,,926,37,,,0
2019,'1475018',1635,,927,37,,,0
2019,'1475019',1705,,928,37,,,0
2019,'1475020',1735,,929,37,,,0
2019,'1475021',1805,,930,37,,,0
2019,'1475022',1835,,931,37,,,0
2019,'1475023',1905,,932,37,,,0
2019,'1475024',1935,,933,37,,,0
2019,'1475025',2005,,934,37,,,0
2019,'1475026',2035,,935,37,,,0
2019,'1475027',2105,,936,37,,,0
2019,'1475028',2135,,937,37,,,0
2019,'1475029',2205,,938,37,,,0
2019,'1475030',2235,,939,37,,,0
2019,'1475031',905,,940,37,,,0
2019,'1475032',935,,941,37,,,0
2019,'1475033',1005,,942,37,,,0
2019,'1475034',1035,,943,37,,,0
2019,'1475035',1105,,944,37,,,0
2019,'1475036',1135,,945,37,,,0
2019,'1475037',1205,,946,37,,,0
2019,'1475038',1235,,947,37,,,0
2019,'1475039',1305,,948,37,,,0
2019,'1475040',1335,,949,37,,,0
2019,'1475041',1405,,950,37,,,0
2019,'1475042',1435,,951,37,,,0
2019,'1475043',1505,,952,37,,,0
2019,'1475044',1535,,953,37,,,0
2019,'1475045',1605,,954,37,,,0
2019,'1475046',1635,,955,37,,,0
2019,'1475047',1705,,956,37,,,0
2019,'1475048',1735,,957,37,,,0
2019,'1475049',1805,,958,37,,,0
2019,'1475050',1835,,959,37,,,0
2019,'1475051',1905,,960,37,,,0
2019,'1475052',1935,,961,37,,,0
2019,'1475053',2005,,962,37,,,0
