7019,'1442614',719,,1077,9,,,0
7019,'1442622',1949,,1078,9,,,0
7019,'1442670',2119,,1079,9,,,0
7019,'1442732',2019,,1080,9,,,0
7019,'1442767',1619,,1081,9,,,0
7019,'1442817',1649,,1082,9,,,0
7019,'1442848',1749,,1083,9,,,0
7019,'1442896',749,,1084,9,,,0
7019,'1442972',1919,,1085,9,,,0
7019,'1443069',1219,,1086,9,,,0
7019,'1443156',619,,1087,9,,,0
7019,'1443162',1349,,1088,9,,,0
7019,'1443179',1419,,1089,9,,,0
7019,'1443229',1249,,1090,9,,,0
7019,'1443345',1819,,1091,9,,,0
7019,'1443404',819,,1092,9,,,0
7019,'1443436',1149,,1093,9,,,0
7019,'1443487',1119,,1094,9,,,0
7019,'1443532',649,,1095,9,,,0
7019,'1443541',919,,1096,9,,,0
7019,'1443550',2219,,1097,9,,,0
7019,'1443573',1549,,1098,9,,,0
7019,'1443663',1019,,1099,9,,,0
7019,'1443697',949,,1100,9,,,0
7019,'1443868',849,,1101,9,,,0
7019,'1443959',1049,,1102,9,,,0
7019,'1443993',1319,,1103,9,,,0
7019,'1444109',1449,,1104,9,,,0
7019,'1444167',2049,,1105,9,,,0
7019,'1444230',1849,,1106,9,,,0
7019,'1444467',1719,,1107,9,,,0
7019,'1444493',1519,,1108,9,,,0
7019,'1444706',2149,,1109,9,,,0
7019,'1471238',854,,337,9,,,0
7019,'1471239',924,,338,9,,,0
7019,'1471240',954,,339,9,,,0
7019,'1471241',1024,,340,9,,,0
7019,'1471242',1054,,341,9,,,0
7019,'1471243',1124,,342,9,,,0
7019,'1471244',1154,,343,9,,,0
7019,'1471245',1224,,344,9,,,0
7019,'1471246',1254,,345,9,,,0
7019,'1471247',1324,,346,9,,,0
7019,'1471248',1354,,347,9,,,0
7019,'1471249',1424,,348,9,,,0
7019,'1471250',1454,,349,9,,,0
7019,'1471251',1524,,350,9,,,0
7019,'1471252',1554,,351,9,,,0
7019,'1471253',1624,,352,9,,,0
7019,'1471254',1654,,353,9,,,0
7019,'1471255',1724,,354,9,,,0
7019,'1471256',1754,,355,9,,,0
7019,'1471257',1824,,356,9,,,0
7019,'1471258',1854,,357,9,,,0
7019,'1471259',1924,,358,9,,,0
7019,'1471260',1954,,359,9,,,0
