2019,'1474998',624,,907,19,,,0
2019,'1474999',654,,908,19,,,0
2019,'1475000',724,,909,19,,,0
2019,'1475001',754,,910,19,,,0
2019,'1475002',824,,911,19,,,0
2019,'1475003',854,,912,19,,,0
2019,'1475004',924,,913,19,,,0
2019,'1475005',954,,914,19,,,0
2019,'1475006',1024,,915,19,,,0
2019,'1475007',1054,,916,19,,,0
2019,'1475008',1124,,917,19,,,0
2019,'1475009',1154,,918,19,,,0
2019,'1475010',1224,,919,19,,,0
2019,'1475011',1254,,920,19,,,0
2019,'1475012',1324,,921,19,,,0
2019,'1475013',1354,,922,19,,,0
2019,'1475014',1424,,923,19,,,0
2019,'1475015',1454,,924,19,,,0
2019,'1475016',1524,,925,19,,,0
2019,'1475017',1554,,926,19,,,0
2019,'1475018',1624,,927,19,,,0
2019,'1475019',1654,,928,19,,,0
2019,'1475020',1724,,929,19,,,0
2019,'1475021',1754,,930,19,,,0
2019,'1475022',1824,,931,19,,,0
2019,'1475023',1854,,932,19,,,0
2019,'1475024',1924,,933,19,,,0
2019,'1475025',1954,,934,19,,,0
2019,'1475026',2024,,935,19,,,0
2019,'1475027',2054,,936,19,,,0
2019,'1475028',2124,,937,19,,,0
2019,'1475029',2154,,938,19,,,0
2019,'1475030',2224,,939,19,,,0
2019,'1475031',854,,940,19,,,0
2019,'1475032',924,,941,19,,,0
2019,'1475033',954,,942,19,,,0
2019,'1475034',1024,,943,19,,,0
2019,'1475035',1054,,944,19,,,0
2019,'1475036',1124,,945,19,,,0
2019,'1475037',1154,,946,19,,,0
2019,'1475038',1224,,947,19,,,0
2019,'1475039',1254,,948,19,,,0
2019,'1475040',1324,,949,19,,,0
2019,'1475041',1354,,950,19,,,0
2019,'1475042',1424,,951,19,,,0
2019,'1475043',1454,,952,19,,,0
2019,'1475044',1524,,953,19,,,0
2019,'1475045',1554,,954,19,,,0
2019,'1475046',1624,,955,19,,,0
2019,'1475047',1654,,956,19,,,0
2019,'1475048',1724,,957,19,,,0
2019,'1475049',1754,,958,19,,,0
2019,'1475050',1824,,959,19,,,0
2019,'1475051',1854,,960,19,,,0
2019,'1475052',1924,,961,19,,,0
2019,'1475053',1954,,962,19,,,0
