4019,'1450170',1251,,1021,9,,,0
4019,'1450248',1251,,1022,9,,,0
4019,'1450249',2221,,1023,9,,,0
4019,'1450263',1721,,1024,9,,,0
4019,'1450293',1051,,1025,9,,,0
4019,'1450304',1821,,1026,9,,,0
4019,'1450315',1521,,1027,9,,,0
4019,'1450330',1121,,1028,9,,,0
4019,'1450347',1851,,1029,9,,,0
4019,'1450356',721,,1030,9,,,0
4019,'1450379',1121,,1031,9,,,0
4019,'1450395',621,,1032,9,,,0
4019,'1450412',1851,,1033,9,,,0
4019,'1450461',851,,1034,9,,,0
4019,'1450470',2051,,1035,9,,,0
4019,'1450505',1221,,1036,9,,,0
4019,'1450545',1621,,1037,9,,,0
4019,'1450564',1451,,1038,9,,,0
4019,'1450589',1351,,1039,9,,,0
4019,'1450655',1751,,1040,9,,,0
4019,'1450679',1951,,1041,9,,,0
4019,'1450692',1551,,1042,9,,,0
4019,'1450715',1421,,1043,9,,,0
4019,'1450733',1321,,1044,9,,,0
4019,'1450757',1651,,1045,9,,,0
4019,'1450793',751,,1046,9,,,0
4019,'1450872',1721,,1047,9,,,0
4019,'1450917',821,,1048,9,,,0
4019,'1450918',951,,1049,9,,,0
4019,'1450952',1151,,1050,9,,,0
4019,'1450964',2021,,1051,9,,,0
4019,'1450972',1351,,1052,9,,,0
4019,'1450985',1921,,1053,9,,,0
4019,'1450986',1821,,1054,9,,,0
4019,'1451005',1451,,1055,9,,,0
4019,'1451006',2151,,1056,9,,,0
4019,'1451058',1051,,1057,9,,,0
4019,'1451063',1921,,1058,9,,,0
4019,'1451086',1621,,1059,9,,,0
4019,'1451117',651,,1060,9,,,0
4019,'1451122',1951,,1061,9,,,0
4019,'1451125',1421,,1062,9,,,0
4019,'1451144',1651,,1063,9,,,0
4019,'1451171',951,,1064,9,,,0
4019,'1451240',1221,,1065,9,,,0
4019,'1451247',1321,,1066,9,,,0
4019,'1451281',921,,1067,9,,,0
4019,'1451311',921,,1068,9,,,0
4019,'1451343',1021,,1069,9,,,0
4019,'1451357',1151,,1070,9,,,0
4019,'1451365',1751,,1071,9,,,0
4019,'1451367',1551,,1072,9,,,0
4019,'1451427',2121,,1073,9,,,0
4019,'1451446',1521,,1074,9,,,0
4019,'1451449',1021,,1075,9,,,0
4019,'1451526',851,,1076,9,,,0
7019,'1442614',720,,1077,13,,,0
7019,'1442622',1950,,1078,13,,,0
7019,'1442670',2120,,1079,13,,,0
7019,'1442732',2020,,1080,13,,,0
7019,'1442767',1620,,1081,13,,,0
7019,'1442817',1650,,1082,13,,,0
7019,'1442848',1750,,1083,13,,,0
7019,'1442896',750,,1084,13,,,0
7019,'1442972',1920,,1085,13,,,0
7019,'1443069',1220,,1086,13,,,0
7019,'1443156',620,,1087,13,,,0
7019,'1443162',1350,,1088,13,,,0
7019,'1443179',1420,,1089,13,,,0
7019,'1443229',1250,,1090,13,,,0
7019,'1443345',1820,,1091,13,,,0
7019,'1443404',820,,1092,13,,,0
7019,'1443436',1150,,1093,13,,,0
7019,'1443487',1120,,1094,13,,,0
7019,'1443532',650,,1095,13,,,0
7019,'1443541',920,,1096,13,,,0
7019,'1443550',2220,,1097,13,,,0
7019,'1443573',1550,,1098,13,,,0
7019,'1443663',1020,,1099,13,,,0
7019,'1443697',950,,1100,13,,,0
7019,'1443868',850,,1101,13,,,0
7019,'1443959',1050,,1102,13,,,0
7019,'1443993',1320,,1103,13,,,0
7019,'1444109',1450,,1104,13,,,0
7019,'1444167',2050,,1105,13,,,0
7019,'1444230',1850,,1106,13,,,0
7019,'1444467',1720,,1107,13,,,0
7019,'1444493',1520,,1108,13,,,0
7019,'1444706',2150,,1109,13,,,0
7019,'1471238',856,,337,13,,,0
7019,'1471239',926,,338,13,,,0
7019,'1471240',956,,339,13,,,0
7019,'1471241',1026,,340,13,,,0
7019,'1471242',1056,,341,13,,,0
7019,'1471243',1126,,342,13,,,0
7019,'1471244',1156,,343,13,,,0
7019,'1471245',1226,,344,13,,,0
7019,'1471246',1256,,345,13,,,0
7019,'1471247',1326,,346,13,,,0
7019,'1471248',1356,,347,13,,,0
7019,'1471249',1426,,348,13,,,0
7019,'1471250',1456,,349,13,,,0
7019,'1471251',1526,,350,13,,,0
7019,'1471252',1556,,351,13,,,0
7019,'1471253',1626,,352,13,,,0
7019,'1471254',1656,,353,13,,,0
7019,'1471255',1726,,354,13,,,0
7019,'1471256',1756,,355,13,,,0
7019,'1471257',1826,,356,13,,,0
7019,'1471258',1856,,357,13,,,0
7019,'1471259',1926,,358,13,,,0
7019,'1471260',1956,,359,13,,,0
