4019,'1450170',1255,,1021,15,,,0
4019,'1450248',1255,,1022,15,,,0
4019,'1450249',2225,,1023,15,,,0
4019,'1450263',1725,,1024,15,,,0
4019,'1450293',1055,,1025,15,,,0
4019,'1450304',1825,,1026,15,,,0
4019,'1450315',1525,,1027,15,,,0
4019,'1450330',1125,,1028,15,,,0
4019,'1450347',1855,,1029,15,,,0
4019,'1450356',725,,1030,15,,,0
4019,'1450379',1125,,1031,15,,,0
4019,'1450395',625,,1032,15,,,0
4019,'1450412',1855,,1033,15,,,0
4019,'1450461',855,,1034,15,,,0
4019,'1450470',2055,,1035,15,,,0
4019,'1450505',1225,,1036,15,,,0
4019,'1450545',1625,,1037,15,,,0
4019,'1450564',1455,,1038,15,,,0
4019,'1450589',1355,,1039,15,,,0
4019,'1450655',1755,,1040,15,,,0
4019,'1450679',1955,,1041,15,,,0
4019,'1450692',1555,,1042,15,,,0
4019,'1450715',1425,,1043,15,,,0
4019,'1450733',1325,,1044,15,,,0
4019,'1450757',1655,,1045,15,,,0
4019,'1450793',755,,1046,15,,,0
4019,'1450872',1725,,1047,15,,,0
4019,'1450917',825,,1048,15,,,0
4019,'1450918',955,,1049,15,,,0
4019,'1450952',1155,,1050,15,,,0
4019,'1450964',2025,,1051,15,,,0
4019,'1450972',1355,,1052,15,,,0
4019,'1450985',1925,,1053,15,,,0
4019,'1450986',1825,,1054,15,,,0
4019,'1451005',1455,,1055,15,,,0
4019,'1451006',2155,,1056,15,,,0
4019,'1451058',1055,,1057,15,,,0
4019,'1451063',1925,,1058,15,,,0
4019,'1451086',1625,,1059,15,,,0
4019,'1451117',655,,1060,15,,,0
4019,'1451122',1955,,1061,15,,,0
4019,'1451125',1425,,1062,15,,,0
4019,'1451144',1655,,1063,15,,,0
4019,'1451171',955,,1064,15,,,0
4019,'1451240',1225,,1065,15,,,0
4019,'1451247',1325,,1066,15,,,0
4019,'1451281',925,,1067,15,,,0
4019,'1451311',925,,1068,15,,,0
4019,'1451343',1025,,1069,15,,,0
4019,'1451357',1155,,1070,15,,,0
4019,'1451365',1755,,1071,15,,,0
4019,'1451367',1555,,1072,15,,,0
4019,'1451427',2125,,1073,15,,,0
4019,'1451446',1525,,1074,15,,,0
4019,'1451449',1025,,1075,15,,,0
4019,'1451526',855,,1076,15,,,0
