2019,'1474998',625,,907,20,,,0
2019,'1474999',655,,908,20,,,0
2019,'1475000',725,,909,20,,,0
2019,'1475001',755,,910,20,,,0
2019,'1475002',825,,911,20,,,0
2019,'1475003',855,,912,20,,,0
2019,'1475004',925,,913,20,,,0
2019,'1475005',955,,914,20,,,0
2019,'1475006',1025,,915,20,,,0
2019,'1475007',1055,,916,20,,,0
2019,'1475008',1125,,917,20,,,0
2019,'1475009',1155,,918,20,,,0
2019,'1475010',1225,,919,20,,,0
2019,'1475011',1255,,920,20,,,0
2019,'1475012',1325,,921,20,,,0
2019,'1475013',1355,,922,20,,,0
2019,'1475014',1425,,923,20,,,0
2019,'1475015',1455,,924,20,,,0
2019,'1475016',1525,,925,20,,,0
2019,'1475017',1555,,926,20,,,0
2019,'1475018',1625,,927,20,,,0
2019,'1475019',1655,,928,20,,,0
2019,'1475020',1725,,929,20,,,0
2019,'1475021',1755,,930,20,,,0
2019,'1475022',1825,,931,20,,,0
2019,'1475023',1855,,932,20,,,0
2019,'1475024',1925,,933,20,,,0
2019,'1475025',1955,,934,20,,,0
2019,'1475026',2025,,935,20,,,0
2019,'1475027',2055,,936,20,,,0
2019,'1475028',2125,,937,20,,,0
2019,'1475029',2155,,938,20,,,0
2019,'1475030',2225,,939,20,,,0
2019,'1475031',855,,940,20,,,0
2019,'1475032',925,,941,20,,,0
2019,'1475033',955,,942,20,,,0
2019,'1475034',1025,,943,20,,,0
2019,'1475035',1055,,944,20,,,0
2019,'1475036',1125,,945,20,,,0
2019,'1475037',1155,,946,20,,,0
2019,'1475038',1225,,947,20,,,0
2019,'1475039',1255,,948,20,,,0
2019,'1475040',1325,,949,20,,,0
2019,'1475041',1355,,950,20,,,0
2019,'1475042',1425,,951,20,,,0
2019,'1475043',1455,,952,20,,,0
2019,'1475044',1525,,953,20,,,0
2019,'1475045',1555,,954,20,,,0
2019,'1475046',1625,,955,20,,,0
2019,'1475047',1655,,956,20,,,0
2019,'1475048',1725,,957,20,,,0
2019,'1475049',1755,,958,20,,,0
2019,'1475050',1825,,959,20,,,0
2019,'1475051',1855,,960,20,,,0
2019,'1475052',1925,,961,20,,,0
2019,'1475053',1955,,962,20,,,0
