4019,'1450170',1258,,1021,20,,,0
4019,'1450248',1258,,1022,20,,,0
4019,'1450249',2228,,1023,20,,,0
4019,'1450263',1728,,1024,20,,,0
4019,'1450293',1058,,1025,20,,,0
4019,'1450304',1828,,1026,20,,,0
4019,'1450315',1528,,1027,20,,,0
4019,'1450330',1128,,1028,20,,,0
4019,'1450347',1858,,1029,20,,,0
4019,'1450356',728,,1030,20,,,0
4019,'1450379',1128,,1031,20,,,0
4019,'1450395',628,,1032,20,,,0
4019,'1450412',1858,,1033,20,,,0
4019,'1450461',858,,1034,20,,,0
4019,'1450470',2058,,1035,20,,,0
4019,'1450505',1228,,1036,20,,,0
4019,'1450545',1628,,1037,20,,,0
4019,'1450564',1458,,1038,20,,,0
4019,'1450589',1358,,1039,20,,,0
4019,'1450655',1758,,1040,20,,,0
4019,'1450679',1958,,1041,20,,,0
4019,'1450692',1558,,1042,20,,,0
4019,'1450715',1428,,1043,20,,,0
4019,'1450733',1328,,1044,20,,,0
4019,'1450757',1658,,1045,20,,,0
4019,'1450793',758,,1046,20,,,0
4019,'1450872',1728,,1047,20,,,0
4019,'1450917',828,,1048,20,,,0
4019,'1450918',958,,1049,20,,,0
4019,'1450952',1158,,1050,20,,,0
4019,'1450964',2028,,1051,20,,,0
4019,'1450972',1358,,1052,20,,,0
4019,'1450985',1928,,1053,20,,,0
4019,'1450986',1828,,1054,20,,,0
4019,'1451005',1458,,1055,20,,,0
4019,'1451006',2158,,1056,20,,,0
4019,'1451058',1058,,1057,20,,,0
4019,'1451063',1928,,1058,20,,,0
4019,'1451086',1628,,1059,20,,,0
4019,'1451117',658,,1060,20,,,0
4019,'1451122',1958,,1061,20,,,0
4019,'1451125',1428,,1062,20,,,0
4019,'1451144',1658,,1063,20,,,0
4019,'1451171',958,,1064,20,,,0
4019,'1451240',1228,,1065,20,,,0
4019,'1451247',1328,,1066,20,,,0
4019,'1451281',928,,1067,20,,,0
4019,'1451311',928,,1068,20,,,0
4019,'1451343',1028,,1069,20,,,0
4019,'1451357',1158,,1070,20,,,0
4019,'1451365',1758,,1071,20,,,0
4019,'1451367',1558,,1072,20,,,0
4019,'1451427',2128,,1073,20,,,0
4019,'1451446',1528,,1074,20,,,0
4019,'1451449',1028,,1075,20,,,0
4019,'1451526',858,,1076,20,,,0
