4019,'1474077',629,,965,21,,,0
4019,'1474078',659,,966,21,,,0
4019,'1474079',729,,967,21,,,0
4019,'1474080',759,,968,21,,,0
4019,'1474081',829,,969,21,,,0
4019,'1474082',859,,970,21,,,0
4019,'1474083',929,,971,21,,,0
4019,'1474084',959,,972,21,,,0
4019,'1474085',1029,,973,21,,,0
4019,'1474086',1059,,974,21,,,0
4019,'1474087',1129,,975,21,,,0
4019,'1474088',1159,,976,21,,,0
4019,'1474089',1229,,977,21,,,0
4019,'1474090',1259,,978,21,,,0
4019,'1474091',1329,,979,21,,,0
4019,'1474092',1359,,980,21,,,0
4019,'1474093',1429,,981,21,,,0
4019,'1474094',1459,,982,21,,,0
4019,'1474095',1529,,983,21,,,0
4019,'1474096',1559,,984,21,,,0
4019,'1474097',1629,,985,21,,,0
4019,'1474098',1659,,986,21,,,0
4019,'1474099',1729,,987,21,,,0
4019,'1474100',1759,,988,21,,,0
4019,'1474101',1829,,989,21,,,0
4019,'1474102',1859,,990,21,,,0
4019,'1474103',1929,,991,21,,,0
4019,'1474104',1959,,992,21,,,0
4019,'1474105',2029,,993,21,,,0
4019,'1474106',2059,,994,21,,,0
4019,'1474107',2129,,995,21,,,0
4019,'1474108',2159,,996,21,,,0
4019,'1474109',2229,,997,21,,,0
4019,'1474110',859,,998,21,,,0
4019,'1474111',929,,999,21,,,0
4019,'1474112',959,,1000,21,,,0
4019,'1474113',1029,,1001,21,,,0
4019,'1474114',1059,,1002,21,,,0
4019,'1474115',1129,,1003,21,,,0
4019,'1474116',1159,,1004,21,,,0
4019,'1474117',1229,,1005,21,,,0
4019,'1474118',1259,,1006,21,,,0
4019,'1474119',1329,,1007,21,,,0
4019,'1474120',1359,,1008,21,,,0
4019,'1474121',1429,,1009,21,,,0
4019,'1474122',1459,,1010,21,,,0
4019,'1474123',1529,,1011,21,,,0
4019,'1474124',1559,,1012,21,,,0
4019,'1474125',1629,,1013,21,,,0
4019,'1474126',1659,,1014,21,,,0
4019,'1474127',1729,,1015,21,,,0
4019,'1474128',1759,,1016,21,,,0
4019,'1474129',1829,,1017,21,,,0
4019,'1474130',1859,,1018,21,,,0
4019,'1474131',1929,,1019,21,,,0
4019,'1474132',1959,,1020,21,,,0
