2019,'1467968',1528,,652,29,,,0
2019,'1467993',1658,,655,29,,,0
2019,'1468003',1358,,657,29,,,0
2019,'1468007',2158,,658,29,,,0
2019,'1468017',928,,659,29,,,0
2019,'1468034',1758,,662,29,,,0
2019,'1468038',958,,663,29,,,0
2019,'1468054',858,,665,29,,,0
2019,'1468079',828,,666,29,,,0
2019,'1468088',2028,,667,29,,,0
2019,'1468109',1228,,668,29,,,0
2019,'1468127',758,,670,29,,,0
2019,'1468129',1058,,671,29,,,0
2019,'1468134',1858,,672,29,,,0
2019,'1468156',1828,,673,29,,,0
2019,'1468158',1728,,674,29,,,0
2019,'1468197',1328,,676,29,,,0
2019,'1468238',1128,,677,29,,,0
2019,'1468288',1258,,682,29,,,0
2019,'1468302',1158,,685,29,,,0
2019,'1468306',1628,,686,29,,,0
2019,'1468319',2058,,688,29,,,0
2019,'1468342',1428,,690,29,,,0
2019,'1468357',1028,,691,29,,,0
2019,'1468388',628,,692,29,,,0
2019,'1468403',2228,,695,29,,,0
2019,'1468420',1458,,697,29,,,0
2019,'1468421',658,,698,29,,,0
2019,'1468443',1558,,699,29,,,0
2019,'1468446',2128,,700,29,,,0
2019,'1468448',728,,701,29,,,0
2019,'1468457',1928,,703,29,,,0
2019,'1468482',1958,,705,29,,,0
2019,'1474998',628,,907,29,,,0
2019,'1474999',658,,908,29,,,0
2019,'1475000',728,,909,29,,,0
2019,'1475001',758,,910,29,,,0
2019,'1475002',828,,911,29,,,0
2019,'1475003',858,,912,29,,,0
2019,'1475004',928,,913,29,,,0
2019,'1475005',958,,914,29,,,0
2019,'1475006',1028,,915,29,,,0
2019,'1475007',1058,,916,29,,,0
2019,'1475008',1128,,917,29,,,0
2019,'1475009',1158,,918,29,,,0
2019,'1475010',1228,,919,29,,,0
2019,'1475011',1258,,920,29,,,0
2019,'1475012',1328,,921,29,,,0
2019,'1475013',1358,,922,29,,,0
2019,'1475014',1428,,923,29,,,0
2019,'1475015',1458,,924,29,,,0
2019,'1475016',1528,,925,29,,,0
2019,'1475017',1558,,926,29,,,0
2019,'1475018',1628,,927,29,,,0
2019,'1475019',1658,,928,29,,,0
2019,'1475020',1728,,929,29,,,0
2019,'1475021',1758,,930,29,,,0
2019,'1475022',1828,,931,29,,,0
2019,'1475023',1858,,932,29,,,0
2019,'1475024',1928,,933,29,,,0
2019,'1475025',1958,,934,29,,,0
2019,'1475026',2028,,935,29,,,0
2019,'1475027',2058,,936,29,,,0
2019,'1475028',2128,,937,29,,,0
2019,'1475029',2158,,938,29,,,0
2019,'1475030',2228,,939,29,,,0
2019,'1475031',858,,940,29,,,0
2019,'1475032',928,,941,29,,,0
2019,'1475033',958,,942,29,,,0
2019,'1475034',1028,,943,29,,,0
2019,'1475035',1058,,944,29,,,0
2019,'1475036',1128,,945,29,,,0
2019,'1475037',1158,,946,29,,,0
2019,'1475038',1228,,947,29,,,0
2019,'1475039',1258,,948,29,,,0
2019,'1475040',1328,,949,29,,,0
2019,'1475041',1358,,950,29,,,0
2019,'1475042',1428,,951,29,,,0
2019,'1475043',1458,,952,29,,,0
2019,'1475044',1528,,953,29,,,0
2019,'1475045',1558,,954,29,,,0
2019,'1475046',1628,,955,29,,,0
2019,'1475047',1658,,956,29,,,0
2019,'1475048',1728,,957,29,,,0
2019,'1475049',1758,,958,29,,,0
2019,'1475050',1828,,959,29,,,0
2019,'1475051',1858,,960,29,,,0
2019,'1475052',1928,,961,29,,,0
2019,'1475053',1958,,962,29,,,0
