7019,'1442614',736,,1077,24,,,0
7019,'1442622',2006,,1078,24,,,0
7019,'1442670',2136,,1079,24,,,0
7019,'1442732',2036,,1080,24,,,0
7019,'1442767',1636,,1081,24,,,0
7019,'1442817',1706,,1082,24,,,0
7019,'1442848',1806,,1083,24,,,0
7019,'1442896',806,,1084,24,,,0
7019,'1442972',1936,,1085,24,,,0
7019,'1443069',1236,,1086,24,,,0
7019,'1443156',636,,1087,24,,,0
7019,'1443162',1406,,1088,24,,,0
7019,'1443179',1436,,1089,24,,,0
7019,'1443229',1306,,1090,24,,,0
7019,'1443345',1836,,1091,24,,,0
7019,'1443404',836,,1092,24,,,0
7019,'1443436',1206,,1093,24,,,0
7019,'1443487',1136,,1094,24,,,0
7019,'1443532',706,,1095,24,,,0
7019,'1443541',936,,1096,24,,,0
7019,'1443550',2236,,1097,24,,,0
7019,'1443573',1606,,1098,24,,,0
7019,'1443663',1036,,1099,24,,,0
7019,'1443697',1006,,1100,24,,,0
7019,'1443868',906,,1101,24,,,0
7019,'1443959',1106,,1102,24,,,0
7019,'1443993',1336,,1103,24,,,0
7019,'1444109',1506,,1104,24,,,0
7019,'1444167',2106,,1105,24,,,0
7019,'1444230',1906,,1106,24,,,0
7019,'1444467',1736,,1107,24,,,0
7019,'1444493',1536,,1108,24,,,0
7019,'1444706',2206,,1109,24,,,0
7019,'1471238',906,,337,24,,,0
7019,'1471239',936,,338,24,,,0
7019,'1471240',1006,,339,24,,,0
7019,'1471241',1036,,340,24,,,0
7019,'1471242',1106,,341,24,,,0
7019,'1471243',1136,,342,24,,,0
7019,'1471244',1206,,343,24,,,0
7019,'1471245',1236,,344,24,,,0
7019,'1471246',1306,,345,24,,,0
7019,'1471247',1336,,346,24,,,0
7019,'1471248',1406,,347,24,,,0
7019,'1471249',1436,,348,24,,,0
7019,'1471250',1506,,349,24,,,0
7019,'1471251',1536,,350,24,,,0
7019,'1471252',1606,,351,24,,,0
7019,'1471253',1636,,352,24,,,0
7019,'1471254',1706,,353,24,,,0
7019,'1471255',1736,,354,24,,,0
7019,'1471256',1806,,355,24,,,0
7019,'1471257',1836,,356,24,,,0
7019,'1471258',1906,,357,24,,,0
7019,'1471259',1936,,358,24,,,0
7019,'1471260',2006,,359,24,,,0
