7019,'1442614',743,,1077,28,,,0
7019,'1442622',2013,,1078,28,,,0
7019,'1442670',2143,,1079,28,,,0
7019,'1442732',2043,,1080,28,,,0
7019,'1442767',1643,,1081,28,,,0
7019,'1442817',1713,,1082,28,,,0
7019,'1442848',1813,,1083,28,,,0
7019,'1442896',813,,1084,28,,,0
7019,'1442972',1943,,1085,28,,,0
7019,'1443069',1243,,1086,28,,,0
7019,'1443156',643,,1087,28,,,0
7019,'1443162',1413,,1088,28,,,0
7019,'1443179',1443,,1089,28,,,0
7019,'1443229',1313,,1090,28,,,0
7019,'1443345',1843,,1091,28,,,0
7019,'1443404',843,,1092,28,,,0
7019,'1443436',1213,,1093,28,,,0
7019,'1443487',1143,,1094,28,,,0
7019,'1443532',713,,1095,28,,,0
7019,'1443541',943,,1096,28,,,0
7019,'1443550',2243,,1097,28,,,0
7019,'1443573',1613,,1098,28,,,0
7019,'1443663',1043,,1099,28,,,0
7019,'1443697',1013,,1100,28,,,0
7019,'1443868',913,,1101,28,,,0
7019,'1443959',1113,,1102,28,,,0
7019,'1443993',1343,,1103,28,,,0
7019,'1444109',1513,,1104,28,,,0
7019,'1444167',2113,,1105,28,,,0
7019,'1444230',1913,,1106,28,,,0
7019,'1444467',1743,,1107,28,,,0
7019,'1444493',1543,,1108,28,,,0
7019,'1444706',2213,,1109,28,,,0
7019,'1471238',913,,337,28,,,0
7019,'1471239',943,,338,28,,,0
7019,'1471240',1013,,339,28,,,0
7019,'1471241',1043,,340,28,,,0
7019,'1471242',1113,,341,28,,,0
7019,'1471243',1143,,342,28,,,0
7019,'1471244',1213,,343,28,,,0
7019,'1471245',1243,,344,28,,,0
7019,'1471246',1313,,345,28,,,0
7019,'1471247',1343,,346,28,,,0
7019,'1471248',1413,,347,28,,,0
7019,'1471249',1443,,348,28,,,0
7019,'1471250',1513,,349,28,,,0
7019,'1471251',1543,,350,28,,,0
7019,'1471252',1613,,351,28,,,0
7019,'1471253',1643,,352,28,,,0
7019,'1471254',1713,,353,28,,,0
7019,'1471255',1743,,354,28,,,0
7019,'1471256',1813,,355,28,,,0
7019,'1471257',1843,,356,28,,,0
7019,'1471258',1913,,357,28,,,0
7019,'1471259',1943,,358,28,,,0
7019,'1471260',2013,,359,28,,,0
