7019,'1442614',715,,1077,1,,,0,30,,1077,29,4,,0
7019,'1442622',1945,,1078,1,,,0,70,,1078,29,4,,0
7019,'1442670',2115,,1079,1,,,0,30,,1079,29,4,,0
7019,'1442732',2015,,1080,1,,,0,30,,1080,29,4,,0
7019,'1442767',1615,,1081,1,,,0,30,,1081,29,4,,0
7019,'1442817',1645,,1082,1,,,0,70,,1082,29,4,,0
7019,'1442848',1745,,1083,1,,,0,70,,1083,29,4,,0
7019,'1442896',745,,1084,1,,,0,70,,1084,29,4,,0
7019,'1442972',1915,,1085,1,,,0,30,,1085,29,4,,0
7019,'1443069',1215,,1086,1,,,0,30,,1086,29,4,,0
7019,'1443156',615,,1087,1,,,0,30,,1087,29,4,,0
7019,'1443162',1345,,1088,1,,,0,70,,1088,29,4,,0
7019,'1443179',1415,,1089,1,,,0,30,,1089,29,4,,0
7019,'1443229',1245,,1090,1,,,0,70,,1090,29,4,,0
7019,'1443345',1815,,1091,1,,,0,30,,1091,29,4,,0
7019,'1443404',815,,1092,1,,,0,30,,1092,29,4,,0
7019,'1443436',1145,,1093,1,,,0,70,,1093,29,4,,0
7019,'1443487',1115,,1094,1,,,0,30,,1094,29,4,,0
7019,'1443532',645,,1095,1,,,0,70,,1095,29,4,,0
7019,'1443541',915,,1096,1,,,0,30,,1096,29,4,,0
7019,'1443550',2215,,1097,1,,,0,30,,1097,29,4,,0
7019,'1443573',1545,,1098,1,,,0,70,,1098,29,4,,0
7019,'1443663',1015,,1099,1,,,0,30,,1099,29,4,,0
7019,'1443697',945,,1100,1,,,0,70,,1100,29,4,,0
7019,'1443868',845,,1101,1,,,0,70,,1101,29,4,,0
7019,'1443959',1045,,1102,1,,,0,70,,1102,29,4,,0
7019,'1443993',1315,,1103,1,,,0,30,,1103,29,4,,0
7019,'1444109',1445,,1104,1,,,0,70,,1104,29,4,,0
7019,'1444167',2045,,1105,1,,,0,70,,1105,29,4,,0
7019,'1444230',1845,,1106,1,,,0,70,,1106,29,4,,0
7019,'1444467',1715,,1107,1,,,0,30,,1107,29,4,,0
7019,'1444493',1515,,1108,1,,,0,30,,1108,29,4,,0
7019,'1444706',2145,,1109,1,,,0,70,,1109,29,4,,0
7019,'1471238',845,,337,1,,,0,70,,337,29,4,,0
7019,'1471239',915,,338,1,,,0,30,,338,29,4,,0
7019,'1471240',945,,339,1,,,0,70,,339,29,4,,0
7019,'1471241',1015,,340,1,,,0,30,,340,29,4,,0
7019,'1471242',1045,,341,1,,,0,70,,341,29,4,,0
7019,'1471243',1115,,342,1,,,0,30,,342,29,4,,0
7019,'1471244',1145,,343,1,,,0,70,,343,29,4,,0
7019,'1471245',1215,,344,1,,,0,30,,344,29,4,,0
7019,'1471246',1245,,345,1,,,0,70,,345,29,4,,0
7019,'1471247',1315,,346,1,,,0,30,,346,29,4,,0
7019,'1471248',1345,,347,1,,,0,70,,347,29,4,,0
7019,'1471249',1415,,348,1,,,0,30,,348,29,4,,0
7019,'1471250',1445,,349,1,,,0,70,,349,29,4,,0
7019,'1471251',1515,,350,1,,,0,30,,350,29,4,,0
7019,'1471252',1545,,351,1,,,0,70,,351,29,4,,0
7019,'1471253',1615,,352,1,,,0,30,,352,29,4,,0
7019,'1471254',1645,,353,1,,,0,70,,353,29,4,,0
7019,'1471255',1715,,354,1,,,0,30,,354,29,4,,0
7019,'1471256',1745,,355,1,,,0,70,,355,29,4,,0
7019,'1471257',1815,,356,1,,,0,30,,356,29,4,,0
7019,'1471258',1845,,357,1,,,0,70,,357,29,4,,0
7019,'1471259',1915,,358,1,,,0,30,,358,29,4,,0
7019,'1471260',1945,,359,1,,,0,70,,359,29,4,,0
