7019,'1442614',725,,1077,15,,,0
7019,'1442622',1955,,1078,15,,,0
7019,'1442670',2125,,1079,15,,,0
7019,'1442732',2025,,1080,15,,,0
7019,'1442767',1625,,1081,15,,,0
7019,'1442817',1655,,1082,15,,,0
7019,'1442848',1755,,1083,15,,,0
7019,'1442896',755,,1084,15,,,0
7019,'1442972',1925,,1085,15,,,0
7019,'1443069',1225,,1086,15,,,0
7019,'1443156',625,,1087,15,,,0
7019,'1443162',1355,,1088,15,,,0
7019,'1443179',1425,,1089,15,,,0
7019,'1443229',1255,,1090,15,,,0
7019,'1443345',1825,,1091,15,,,0
7019,'1443404',825,,1092,15,,,0
7019,'1443436',1155,,1093,15,,,0
7019,'1443487',1125,,1094,15,,,0
7019,'1443532',655,,1095,15,,,0
7019,'1443541',925,,1096,15,,,0
7019,'1443550',2225,,1097,15,,,0
7019,'1443573',1555,,1098,15,,,0
7019,'1443663',1025,,1099,15,,,0
7019,'1443697',955,,1100,15,,,0
7019,'1443868',855,,1101,15,,,0
7019,'1443959',1055,,1102,15,,,0
7019,'1443993',1325,,1103,15,,,0
7019,'1444109',1455,,1104,15,,,0
7019,'1444167',2055,,1105,15,,,0
7019,'1444230',1855,,1106,15,,,0
7019,'1444467',1725,,1107,15,,,0
7019,'1444493',1525,,1108,15,,,0
7019,'1444706',2155,,1109,15,,,0
7019,'1471238',859,,337,15,,,0
7019,'1471239',929,,338,15,,,0
7019,'1471240',959,,339,15,,,0
7019,'1471241',1029,,340,15,,,0
7019,'1471242',1059,,341,15,,,0
7019,'1471243',1129,,342,15,,,0
7019,'1471244',1159,,343,15,,,0
7019,'1471245',1229,,344,15,,,0
7019,'1471246',1259,,345,15,,,0
7019,'1471247',1329,,346,15,,,0
7019,'1471248',1359,,347,15,,,0
7019,'1471249',1429,,348,15,,,0
7019,'1471250',1459,,349,15,,,0
7019,'1471251',1529,,350,15,,,0
7019,'1471252',1559,,351,15,,,0
7019,'1471253',1629,,352,15,,,0
7019,'1471254',1659,,353,15,,,0
7019,'1471255',1729,,354,15,,,0
7019,'1471256',1759,,355,15,,,0
7019,'1471257',1829,,356,15,,,0
7019,'1471258',1859,,357,15,,,0
7019,'1471259',1929,,358,15,,,0
7019,'1471260',1959,,359,15,,,0
