2019,'1474998',640,,907,41,,,0
2019,'1474999',710,,908,41,,,0
2019,'1475000',740,,909,41,,,0
2019,'1475001',810,,910,41,,,0
2019,'1475002',840,,911,41,,,0
2019,'1475003',910,,912,41,,,0
2019,'1475004',940,,913,41,,,0
2019,'1475005',1010,,914,41,,,0
2019,'1475006',1040,,915,41,,,0
2019,'1475007',1110,,916,41,,,0
2019,'1475008',1140,,917,41,,,0
2019,'1475009',1210,,918,41,,,0
2019,'1475010',1240,,919,41,,,0
2019,'1475011',1310,,920,41,,,0
2019,'1475012',1340,,921,41,,,0
2019,'1475013',1410,,922,41,,,0
2019,'1475014',1440,,923,41,,,0
2019,'1475015',1510,,924,41,,,0
2019,'1475016',1540,,925,41,,,0
2019,'1475017',1610,,926,41,,,0
2019,'1475018',1640,,927,41,,,0
2019,'1475019',1710,,928,41,,,0
2019,'1475020',1740,,929,41,,,0
2019,'1475021',1810,,930,41,,,0
2019,'1475022',1840,,931,41,,,0
2019,'1475023',1910,,932,41,,,0
2019,'1475024',1940,,933,41,,,0
2019,'1475025',2010,,934,41,,,0
2019,'1475026',2040,,935,41,,,0
2019,'1475027',2110,,936,41,,,0
2019,'1475028',2140,,937,41,,,0
2019,'1475029',2210,,938,41,,,0
2019,'1475030',2240,,939,41,,,0
2019,'1475031',910,,940,41,,,0
2019,'1475032',940,,941,41,,,0
2019,'1475033',1010,,942,41,,,0
2019,'1475034',1040,,943,41,,,0
2019,'1475035',1110,,944,41,,,0
2019,'1475036',1140,,945,41,,,0
2019,'1475037',1210,,946,41,,,0
2019,'1475038',1240,,947,41,,,0
2019,'1475039',1310,,948,41,,,0
2019,'1475040',1340,,949,41,,,0
2019,'1475041',1410,,950,41,,,0
2019,'1475042',1440,,951,41,,,0
2019,'1475043',1510,,952,41,,,0
2019,'1475044',1540,,953,41,,,0
2019,'1475045',1610,,954,41,,,0
2019,'1475046',1640,,955,41,,,0
2019,'1475047',1710,,956,41,,,0
2019,'1475048',1740,,957,41,,,0
2019,'1475049',1810,,958,41,,,0
2019,'1475050',1840,,959,41,,,0
2019,'1475051',1910,,960,41,,,0
2019,'1475052',1940,,961,41,,,0
2019,'1475053',2010,,962,41,,,0
