4019,'1450170',1255,,1021,16,,,0
4019,'1450248',1255,,1022,16,,,0
4019,'1450249',2225,,1023,16,,,0
4019,'1450263',1725,,1024,16,,,0
4019,'1450293',1055,,1025,16,,,0
4019,'1450304',1825,,1026,16,,,0
4019,'1450315',1525,,1027,16,,,0
4019,'1450330',1125,,1028,16,,,0
4019,'1450347',1855,,1029,16,,,0
4019,'1450356',725,,1030,16,,,0
4019,'1450379',1125,,1031,16,,,0
4019,'1450395',625,,1032,16,,,0
4019,'1450412',1855,,1033,16,,,0
4019,'1450461',855,,1034,16,,,0
4019,'1450470',2055,,1035,16,,,0
4019,'1450505',1225,,1036,16,,,0
4019,'1450545',1625,,1037,16,,,0
4019,'1450564',1455,,1038,16,,,0
4019,'1450589',1355,,1039,16,,,0
4019,'1450655',1755,,1040,16,,,0
4019,'1450679',1955,,1041,16,,,0
4019,'1450692',1555,,1042,16,,,0
4019,'1450715',1425,,1043,16,,,0
4019,'1450733',1325,,1044,16,,,0
4019,'1450757',1655,,1045,16,,,0
4019,'1450793',755,,1046,16,,,0
4019,'1450872',1725,,1047,16,,,0
4019,'1450917',825,,1048,16,,,0
4019,'1450918',955,,1049,16,,,0
4019,'1450952',1155,,1050,16,,,0
4019,'1450964',2025,,1051,16,,,0
4019,'1450972',1355,,1052,16,,,0
4019,'1450985',1925,,1053,16,,,0
4019,'1450986',1825,,1054,16,,,0
4019,'1451005',1455,,1055,16,,,0
4019,'1451006',2155,,1056,16,,,0
4019,'1451058',1055,,1057,16,,,0
4019,'1451063',1925,,1058,16,,,0
4019,'1451086',1625,,1059,16,,,0
4019,'1451117',655,,1060,16,,,0
4019,'1451122',1955,,1061,16,,,0
4019,'1451125',1425,,1062,16,,,0
4019,'1451144',1655,,1063,16,,,0
4019,'1451171',955,,1064,16,,,0
4019,'1451240',1225,,1065,16,,,0
4019,'1451247',1325,,1066,16,,,0
4019,'1451281',925,,1067,16,,,0
4019,'1451311',925,,1068,16,,,0
4019,'1451343',1025,,1069,16,,,0
4019,'1451357',1155,,1070,16,,,0
4019,'1451365',1755,,1071,16,,,0
4019,'1451367',1555,,1072,16,,,0
4019,'1451427',2125,,1073,16,,,0
4019,'1451446',1525,,1074,16,,,0
4019,'1451449',1025,,1075,16,,,0
4019,'1451526',855,,1076,16,,,0
