2019,'1474998',622,,907,14,,,0
2019,'1474999',652,,908,14,,,0
2019,'1475000',722,,909,14,,,0
2019,'1475001',752,,910,14,,,0
2019,'1475002',822,,911,14,,,0
2019,'1475003',852,,912,14,,,0
2019,'1475004',922,,913,14,,,0
2019,'1475005',952,,914,14,,,0
2019,'1475006',1022,,915,14,,,0
2019,'1475007',1052,,916,14,,,0
2019,'1475008',1122,,917,14,,,0
2019,'1475009',1152,,918,14,,,0
2019,'1475010',1222,,919,14,,,0
2019,'1475011',1252,,920,14,,,0
2019,'1475012',1322,,921,14,,,0
2019,'1475013',1352,,922,14,,,0
2019,'1475014',1422,,923,14,,,0
2019,'1475015',1452,,924,14,,,0
2019,'1475016',1522,,925,14,,,0
2019,'1475017',1552,,926,14,,,0
2019,'1475018',1622,,927,14,,,0
2019,'1475019',1652,,928,14,,,0
2019,'1475020',1722,,929,14,,,0
2019,'1475021',1752,,930,14,,,0
2019,'1475022',1822,,931,14,,,0
2019,'1475023',1852,,932,14,,,0
2019,'1475024',1922,,933,14,,,0
2019,'1475025',1952,,934,14,,,0
2019,'1475026',2022,,935,14,,,0
2019,'1475027',2052,,936,14,,,0
2019,'1475028',2122,,937,14,,,0
2019,'1475029',2152,,938,14,,,0
2019,'1475030',2222,,939,14,,,0
2019,'1475031',852,,940,14,,,0
2019,'1475032',922,,941,14,,,0
2019,'1475033',952,,942,14,,,0
2019,'1475034',1022,,943,14,,,0
2019,'1475035',1052,,944,14,,,0
2019,'1475036',1122,,945,14,,,0
2019,'1475037',1152,,946,14,,,0
2019,'1475038',1222,,947,14,,,0
2019,'1475039',1252,,948,14,,,0
2019,'1475040',1322,,949,14,,,0
2019,'1475041',1352,,950,14,,,0
2019,'1475042',1422,,951,14,,,0
2019,'1475043',1452,,952,14,,,0
2019,'1475044',1522,,953,14,,,0
2019,'1475045',1552,,954,14,,,0
2019,'1475046',1622,,955,14,,,0
2019,'1475047',1652,,956,14,,,0
2019,'1475048',1722,,957,14,,,0
2019,'1475049',1752,,958,14,,,0
2019,'1475050',1822,,959,14,,,0
2019,'1475051',1852,,960,14,,,0
2019,'1475052',1922,,961,14,,,0
2019,'1475053',1952,,962,14,,,0
