4019,'1474077',620,,965,7,,,0
4019,'1474078',650,,966,7,,,0
4019,'1474079',720,,967,7,,,0
4019,'1474080',750,,968,7,,,0
4019,'1474081',820,,969,7,,,0
4019,'1474082',850,,970,7,,,0
4019,'1474083',920,,971,7,,,0
4019,'1474084',950,,972,7,,,0
4019,'1474085',1020,,973,7,,,0
4019,'1474086',1050,,974,7,,,0
4019,'1474087',1120,,975,7,,,0
4019,'1474088',1150,,976,7,,,0
4019,'1474089',1220,,977,7,,,0
4019,'1474090',1250,,978,7,,,0
4019,'1474091',1320,,979,7,,,0
4019,'1474092',1350,,980,7,,,0
4019,'1474093',1420,,981,7,,,0
4019,'1474094',1450,,982,7,,,0
4019,'1474095',1520,,983,7,,,0
4019,'1474096',1550,,984,7,,,0
4019,'1474097',1620,,985,7,,,0
4019,'1474098',1650,,986,7,,,0
4019,'1474099',1720,,987,7,,,0
4019,'1474100',1750,,988,7,,,0
4019,'1474101',1820,,989,7,,,0
4019,'1474102',1850,,990,7,,,0
4019,'1474103',1920,,991,7,,,0
4019,'1474104',1950,,992,7,,,0
4019,'1474105',2020,,993,7,,,0
4019,'1474106',2050,,994,7,,,0
4019,'1474107',2120,,995,7,,,0
4019,'1474108',2150,,996,7,,,0
4019,'1474109',2220,,997,7,,,0
4019,'1474110',850,,998,7,,,0
4019,'1474111',920,,999,7,,,0
4019,'1474112',950,,1000,7,,,0
4019,'1474113',1020,,1001,7,,,0
4019,'1474114',1050,,1002,7,,,0
4019,'1474115',1120,,1003,7,,,0
4019,'1474116',1150,,1004,7,,,0
4019,'1474117',1220,,1005,7,,,0
4019,'1474118',1250,,1006,7,,,0
4019,'1474119',1320,,1007,7,,,0
4019,'1474120',1350,,1008,7,,,0
4019,'1474121',1420,,1009,7,,,0
4019,'1474122',1450,,1010,7,,,0
4019,'1474123',1520,,1011,7,,,0
4019,'1474124',1550,,1012,7,,,0
4019,'1474125',1620,,1013,7,,,0
4019,'1474126',1650,,1014,7,,,0
4019,'1474127',1720,,1015,7,,,0
4019,'1474128',1750,,1016,7,,,0
4019,'1474129',1820,,1017,7,,,0
4019,'1474130',1850,,1018,7,,,0
4019,'1474131',1920,,1019,7,,,0
4019,'1474132',1950,,1020,7,,,0
