4019,'1450170',1300,,1021,22,,,0
4019,'1450248',1300,,1022,22,,,0
4019,'1450249',2230,,1023,22,,,0
4019,'1450263',1730,,1024,22,,,0
4019,'1450293',1100,,1025,22,,,0
4019,'1450304',1830,,1026,22,,,0
4019,'1450315',1530,,1027,22,,,0
4019,'1450330',1130,,1028,22,,,0
4019,'1450347',1900,,1029,22,,,0
4019,'1450356',730,,1030,22,,,0
4019,'1450379',1130,,1031,22,,,0
4019,'1450395',630,,1032,22,,,0
4019,'1450412',1900,,1033,22,,,0
4019,'1450461',900,,1034,22,,,0
4019,'1450470',2100,,1035,22,,,0
4019,'1450505',1230,,1036,22,,,0
4019,'1450545',1630,,1037,22,,,0
4019,'1450564',1500,,1038,22,,,0
4019,'1450589',1400,,1039,22,,,0
4019,'1450655',1800,,1040,22,,,0
4019,'1450679',2000,,1041,22,,,0
4019,'1450692',1600,,1042,22,,,0
4019,'1450715',1430,,1043,22,,,0
4019,'1450733',1330,,1044,22,,,0
4019,'1450757',1700,,1045,22,,,0
4019,'1450793',800,,1046,22,,,0
4019,'1450872',1730,,1047,22,,,0
4019,'1450917',830,,1048,22,,,0
4019,'1450918',1000,,1049,22,,,0
4019,'1450952',1200,,1050,22,,,0
4019,'1450964',2030,,1051,22,,,0
4019,'1450972',1400,,1052,22,,,0
4019,'1450985',1930,,1053,22,,,0
4019,'1450986',1830,,1054,22,,,0
4019,'1451005',1500,,1055,22,,,0
4019,'1451006',2200,,1056,22,,,0
4019,'1451058',1100,,1057,22,,,0
4019,'1451063',1930,,1058,22,,,0
4019,'1451086',1630,,1059,22,,,0
4019,'1451117',700,,1060,22,,,0
4019,'1451122',2000,,1061,22,,,0
4019,'1451125',1430,,1062,22,,,0
4019,'1451144',1700,,1063,22,,,0
4019,'1451171',1000,,1064,22,,,0
4019,'1451240',1230,,1065,22,,,0
4019,'1451247',1330,,1066,22,,,0
4019,'1451281',930,,1067,22,,,0
4019,'1451311',930,,1068,22,,,0
4019,'1451343',1030,,1069,22,,,0
4019,'1451357',1200,,1070,22,,,0
4019,'1451365',1800,,1071,22,,,0
4019,'1451367',1600,,1072,22,,,0
4019,'1451427',2130,,1073,22,,,0
4019,'1451446',1530,,1074,22,,,0
4019,'1451449',1030,,1075,22,,,0
4019,'1451526',900,,1076,22,,,0
