7019,'1442614',741,,1077,26,,,0
7019,'1442622',2011,,1078,26,,,0
7019,'1442670',2141,,1079,26,,,0
7019,'1442732',2041,,1080,26,,,0
7019,'1442767',1641,,1081,26,,,0
7019,'1442817',1711,,1082,26,,,0
7019,'1442848',1811,,1083,26,,,0
7019,'1442896',811,,1084,26,,,0
7019,'1442972',1941,,1085,26,,,0
7019,'1443069',1241,,1086,26,,,0
7019,'1443156',641,,1087,26,,,0
7019,'1443162',1411,,1088,26,,,0
7019,'1443179',1441,,1089,26,,,0
7019,'1443229',1311,,1090,26,,,0
7019,'1443345',1841,,1091,26,,,0
7019,'1443404',841,,1092,26,,,0
7019,'1443436',1211,,1093,26,,,0
7019,'1443487',1141,,1094,26,,,0
7019,'1443532',711,,1095,26,,,0
7019,'1443541',941,,1096,26,,,0
7019,'1443550',2241,,1097,26,,,0
7019,'1443573',1611,,1098,26,,,0
7019,'1443663',1041,,1099,26,,,0
7019,'1443697',1011,,1100,26,,,0
7019,'1443868',911,,1101,26,,,0
7019,'1443959',1111,,1102,26,,,0
7019,'1443993',1341,,1103,26,,,0
7019,'1444109',1511,,1104,26,,,0
7019,'1444167',2111,,1105,26,,,0
7019,'1444230',1911,,1106,26,,,0
7019,'1444467',1741,,1107,26,,,0
7019,'1444493',1541,,1108,26,,,0
7019,'1444706',2211,,1109,26,,,0
7019,'1471238',911,,337,26,,,0
7019,'1471239',941,,338,26,,,0
7019,'1471240',1011,,339,26,,,0
7019,'1471241',1041,,340,26,,,0
7019,'1471242',1111,,341,26,,,0
7019,'1471243',1141,,342,26,,,0
7019,'1471244',1211,,343,26,,,0
7019,'1471245',1241,,344,26,,,0
7019,'1471246',1311,,345,26,,,0
7019,'1471247',1341,,346,26,,,0
7019,'1471248',1411,,347,26,,,0
7019,'1471249',1441,,348,26,,,0
7019,'1471250',1511,,349,26,,,0
7019,'1471251',1541,,350,26,,,0
7019,'1471252',1611,,351,26,,,0
7019,'1471253',1641,,352,26,,,0
7019,'1471254',1711,,353,26,,,0
7019,'1471255',1741,,354,26,,,0
7019,'1471256',1811,,355,26,,,0
7019,'1471257',1841,,356,26,,,0
7019,'1471258',1911,,357,26,,,0
7019,'1471259',1941,,358,26,,,0
7019,'1471260',2011,,359,26,,,0
