4019,'1450170',1256,,1021,18,,,0
4019,'1450248',1256,,1022,18,,,0
4019,'1450249',2226,,1023,18,,,0
4019,'1450263',1726,,1024,18,,,0
4019,'1450293',1056,,1025,18,,,0
4019,'1450304',1826,,1026,18,,,0
4019,'1450315',1526,,1027,18,,,0
4019,'1450330',1126,,1028,18,,,0
4019,'1450347',1856,,1029,18,,,0
4019,'1450356',726,,1030,18,,,0
4019,'1450379',1126,,1031,18,,,0
4019,'1450395',626,,1032,18,,,0
4019,'1450412',1856,,1033,18,,,0
4019,'1450461',856,,1034,18,,,0
4019,'1450470',2056,,1035,18,,,0
4019,'1450505',1226,,1036,18,,,0
4019,'1450545',1626,,1037,18,,,0
4019,'1450564',1456,,1038,18,,,0
4019,'1450589',1356,,1039,18,,,0
4019,'1450655',1756,,1040,18,,,0
4019,'1450679',1956,,1041,18,,,0
4019,'1450692',1556,,1042,18,,,0
4019,'1450715',1426,,1043,18,,,0
4019,'1450733',1326,,1044,18,,,0
4019,'1450757',1656,,1045,18,,,0
4019,'1450793',756,,1046,18,,,0
4019,'1450872',1726,,1047,18,,,0
4019,'1450917',826,,1048,18,,,0
4019,'1450918',956,,1049,18,,,0
4019,'1450952',1156,,1050,18,,,0
4019,'1450964',2026,,1051,18,,,0
4019,'1450972',1356,,1052,18,,,0
4019,'1450985',1926,,1053,18,,,0
4019,'1450986',1826,,1054,18,,,0
4019,'1451005',1456,,1055,18,,,0
4019,'1451006',2156,,1056,18,,,0
4019,'1451058',1056,,1057,18,,,0
4019,'1451063',1926,,1058,18,,,0
4019,'1451086',1626,,1059,18,,,0
4019,'1451117',656,,1060,18,,,0
4019,'1451122',1956,,1061,18,,,0
4019,'1451125',1426,,1062,18,,,0
4019,'1451144',1656,,1063,18,,,0
4019,'1451171',956,,1064,18,,,0
4019,'1451240',1226,,1065,18,,,0
4019,'1451247',1326,,1066,18,,,0
4019,'1451281',926,,1067,18,,,0
4019,'1451311',926,,1068,18,,,0
4019,'1451343',1026,,1069,18,,,0
4019,'1451357',1156,,1070,18,,,0
4019,'1451365',1756,,1071,18,,,0
4019,'1451367',1556,,1072,18,,,0
4019,'1451427',2126,,1073,18,,,0
4019,'1451446',1526,,1074,18,,,0
4019,'1451449',1026,,1075,18,,,0
4019,'1451526',856,,1076,18,,,0
