2019,'1474998',621,,907,10,,,0
2019,'1474999',651,,908,10,,,0
2019,'1475000',721,,909,10,,,0
2019,'1475001',751,,910,10,,,0
2019,'1475002',821,,911,10,,,0
2019,'1475003',851,,912,10,,,0
2019,'1475004',921,,913,10,,,0
2019,'1475005',951,,914,10,,,0
2019,'1475006',1021,,915,10,,,0
2019,'1475007',1051,,916,10,,,0
2019,'1475008',1121,,917,10,,,0
2019,'1475009',1151,,918,10,,,0
2019,'1475010',1221,,919,10,,,0
2019,'1475011',1251,,920,10,,,0
2019,'1475012',1321,,921,10,,,0
2019,'1475013',1351,,922,10,,,0
2019,'1475014',1421,,923,10,,,0
2019,'1475015',1451,,924,10,,,0
2019,'1475016',1521,,925,10,,,0
2019,'1475017',1551,,926,10,,,0
2019,'1475018',1621,,927,10,,,0
2019,'1475019',1651,,928,10,,,0
2019,'1475020',1721,,929,10,,,0
2019,'1475021',1751,,930,10,,,0
2019,'1475022',1821,,931,10,,,0
2019,'1475023',1851,,932,10,,,0
2019,'1475024',1921,,933,10,,,0
2019,'1475025',1951,,934,10,,,0
2019,'1475026',2021,,935,10,,,0
2019,'1475027',2051,,936,10,,,0
2019,'1475028',2121,,937,10,,,0
2019,'1475029',2151,,938,10,,,0
2019,'1475030',2221,,939,10,,,0
2019,'1475031',851,,940,10,,,0
2019,'1475032',921,,941,10,,,0
2019,'1475033',951,,942,10,,,0
2019,'1475034',1021,,943,10,,,0
2019,'1475035',1051,,944,10,,,0
2019,'1475036',1121,,945,10,,,0
2019,'1475037',1151,,946,10,,,0
2019,'1475038',1221,,947,10,,,0
2019,'1475039',1251,,948,10,,,0
2019,'1475040',1321,,949,10,,,0
2019,'1475041',1351,,950,10,,,0
2019,'1475042',1421,,951,10,,,0
2019,'1475043',1451,,952,10,,,0
2019,'1475044',1521,,953,10,,,0
2019,'1475045',1551,,954,10,,,0
2019,'1475046',1621,,955,10,,,0
2019,'1475047',1651,,956,10,,,0
2019,'1475048',1721,,957,10,,,0
2019,'1475049',1751,,958,10,,,0
2019,'1475050',1821,,959,10,,,0
2019,'1475051',1851,,960,10,,,0
2019,'1475052',1921,,961,10,,,0
2019,'1475053',1951,,962,10,,,0
