7019,'1442614',718,,1077,7,,,0
7019,'1442622',1948,,1078,7,,,0
7019,'1442670',2118,,1079,7,,,0
7019,'1442732',2018,,1080,7,,,0
7019,'1442767',1618,,1081,7,,,0
7019,'1442817',1648,,1082,7,,,0
7019,'1442848',1748,,1083,7,,,0
7019,'1442896',748,,1084,7,,,0
7019,'1442972',1918,,1085,7,,,0
7019,'1443069',1218,,1086,7,,,0
7019,'1443156',618,,1087,7,,,0
7019,'1443162',1348,,1088,7,,,0
7019,'1443179',1418,,1089,7,,,0
7019,'1443229',1248,,1090,7,,,0
7019,'1443345',1818,,1091,7,,,0
7019,'1443404',818,,1092,7,,,0
7019,'1443436',1148,,1093,7,,,0
7019,'1443487',1118,,1094,7,,,0
7019,'1443532',648,,1095,7,,,0
7019,'1443541',918,,1096,7,,,0
7019,'1443550',2218,,1097,7,,,0
7019,'1443573',1548,,1098,7,,,0
7019,'1443663',1018,,1099,7,,,0
7019,'1443697',948,,1100,7,,,0
7019,'1443868',848,,1101,7,,,0
7019,'1443959',1048,,1102,7,,,0
7019,'1443993',1318,,1103,7,,,0
7019,'1444109',1448,,1104,7,,,0
7019,'1444167',2048,,1105,7,,,0
7019,'1444230',1848,,1106,7,,,0
7019,'1444467',1718,,1107,7,,,0
7019,'1444493',1518,,1108,7,,,0
7019,'1444706',2148,,1109,7,,,0
7019,'1471238',852,,337,7,,,0
7019,'1471239',922,,338,7,,,0
7019,'1471240',952,,339,7,,,0
7019,'1471241',1022,,340,7,,,0
7019,'1471242',1052,,341,7,,,0
7019,'1471243',1122,,342,7,,,0
7019,'1471244',1152,,343,7,,,0
7019,'1471245',1222,,344,7,,,0
7019,'1471246',1252,,345,7,,,0
7019,'1471247',1322,,346,7,,,0
7019,'1471248',1352,,347,7,,,0
7019,'1471249',1422,,348,7,,,0
7019,'1471250',1452,,349,7,,,0
7019,'1471251',1522,,350,7,,,0
7019,'1471252',1552,,351,7,,,0
7019,'1471253',1622,,352,7,,,0
7019,'1471254',1652,,353,7,,,0
7019,'1471255',1722,,354,7,,,0
7019,'1471256',1752,,355,7,,,0
7019,'1471257',1822,,356,7,,,0
7019,'1471258',1852,,357,7,,,0
7019,'1471259',1922,,358,7,,,0
7019,'1471260',1952,,359,7,,,0
