2019,'1467968',1521,,652,8,,,0
2019,'1467993',1651,,655,8,,,0
2019,'1468003',1351,,657,8,,,0
2019,'1468007',2151,,658,8,,,0
2019,'1468017',921,,659,8,,,0
2019,'1468034',1751,,662,8,,,0
2019,'1468038',951,,663,8,,,0
2019,'1468054',851,,665,8,,,0
2019,'1468079',821,,666,8,,,0
2019,'1468088',2021,,667,8,,,0
2019,'1468109',1221,,668,8,,,0
2019,'1468127',751,,670,8,,,0
2019,'1468129',1051,,671,8,,,0
2019,'1468134',1851,,672,8,,,0
2019,'1468156',1821,,673,8,,,0
2019,'1468158',1721,,674,8,,,0
2019,'1468197',1321,,676,8,,,0
2019,'1468238',1121,,677,8,,,0
2019,'1468288',1251,,682,8,,,0
2019,'1468302',1151,,685,8,,,0
2019,'1468306',1621,,686,8,,,0
2019,'1468319',2051,,688,8,,,0
2019,'1468342',1421,,690,8,,,0
2019,'1468357',1021,,691,8,,,0
2019,'1468388',621,,692,8,,,0
2019,'1468403',2221,,695,8,,,0
2019,'1468420',1451,,697,8,,,0
2019,'1468421',651,,698,8,,,0
2019,'1468443',1551,,699,8,,,0
2019,'1468446',2121,,700,8,,,0
2019,'1468448',721,,701,8,,,0
2019,'1468457',1921,,703,8,,,0
2019,'1468482',1951,,705,8,,,0
2019,'1474998',621,,907,8,,,0
2019,'1474999',651,,908,8,,,0
2019,'1475000',721,,909,8,,,0
2019,'1475001',751,,910,8,,,0
2019,'1475002',821,,911,8,,,0
2019,'1475003',851,,912,8,,,0
2019,'1475004',921,,913,8,,,0
2019,'1475005',951,,914,8,,,0
2019,'1475006',1021,,915,8,,,0
2019,'1475007',1051,,916,8,,,0
2019,'1475008',1121,,917,8,,,0
2019,'1475009',1151,,918,8,,,0
2019,'1475010',1221,,919,8,,,0
2019,'1475011',1251,,920,8,,,0
2019,'1475012',1321,,921,8,,,0
2019,'1475013',1351,,922,8,,,0
2019,'1475014',1421,,923,8,,,0
2019,'1475015',1451,,924,8,,,0
2019,'1475016',1521,,925,8,,,0
2019,'1475017',1551,,926,8,,,0
2019,'1475018',1621,,927,8,,,0
2019,'1475019',1651,,928,8,,,0
2019,'1475020',1721,,929,8,,,0
2019,'1475021',1751,,930,8,,,0
2019,'1475022',1821,,931,8,,,0
2019,'1475023',1851,,932,8,,,0
2019,'1475024',1921,,933,8,,,0
2019,'1475025',1951,,934,8,,,0
2019,'1475026',2021,,935,8,,,0
2019,'1475027',2051,,936,8,,,0
2019,'1475028',2121,,937,8,,,0
2019,'1475029',2151,,938,8,,,0
2019,'1475030',2221,,939,8,,,0
2019,'1475031',851,,940,8,,,0
2019,'1475032',921,,941,8,,,0
2019,'1475033',951,,942,8,,,0
2019,'1475034',1021,,943,8,,,0
2019,'1475035',1051,,944,8,,,0
2019,'1475036',1121,,945,8,,,0
2019,'1475037',1151,,946,8,,,0
2019,'1475038',1221,,947,8,,,0
2019,'1475039',1251,,948,8,,,0
2019,'1475040',1321,,949,8,,,0
2019,'1475041',1351,,950,8,,,0
2019,'1475042',1421,,951,8,,,0
2019,'1475043',1451,,952,8,,,0
2019,'1475044',1521,,953,8,,,0
2019,'1475045',1551,,954,8,,,0
2019,'1475046',1621,,955,8,,,0
2019,'1475047',1651,,956,8,,,0
2019,'1475048',1721,,957,8,,,0
2019,'1475049',1751,,958,8,,,0
2019,'1475050',1821,,959,8,,,0
2019,'1475051',1851,,960,8,,,0
2019,'1475052',1921,,961,8,,,0
2019,'1475053',1951,,962,8,,,0
