2019,'1474998',631,,907,33,,,0
2019,'1474999',701,,908,33,,,0
2019,'1475000',731,,909,33,,,0
2019,'1475001',801,,910,33,,,0
2019,'1475002',831,,911,33,,,0
2019,'1475003',901,,912,33,,,0
2019,'1475004',931,,913,33,,,0
2019,'1475005',1001,,914,33,,,0
2019,'1475006',1031,,915,33,,,0
2019,'1475007',1101,,916,33,,,0
2019,'1475008',1131,,917,33,,,0
2019,'1475009',1201,,918,33,,,0
2019,'1475010',1231,,919,33,,,0
2019,'1475011',1301,,920,33,,,0
2019,'1475012',1331,,921,33,,,0
2019,'1475013',1401,,922,33,,,0
2019,'1475014',1431,,923,33,,,0
2019,'1475015',1501,,924,33,,,0
2019,'1475016',1531,,925,33,,,0
2019,'1475017',1601,,926,33,,,0
2019,'1475018',1631,,927,33,,,0
2019,'1475019',1701,,928,33,,,0
2019,'1475020',1731,,929,33,,,0
2019,'1475021',1801,,930,33,,,0
2019,'1475022',1831,,931,33,,,0
2019,'1475023',1901,,932,33,,,0
2019,'1475024',1931,,933,33,,,0
2019,'1475025',2001,,934,33,,,0
2019,'1475026',2031,,935,33,,,0
2019,'1475027',2101,,936,33,,,0
2019,'1475028',2131,,937,33,,,0
2019,'1475029',2201,,938,33,,,0
2019,'1475030',2231,,939,33,,,0
2019,'1475031',901,,940,33,,,0
2019,'1475032',931,,941,33,,,0
2019,'1475033',1001,,942,33,,,0
2019,'1475034',1031,,943,33,,,0
2019,'1475035',1101,,944,33,,,0
2019,'1475036',1131,,945,33,,,0
2019,'1475037',1201,,946,33,,,0
2019,'1475038',1231,,947,33,,,0
2019,'1475039',1301,,948,33,,,0
2019,'1475040',1331,,949,33,,,0
2019,'1475041',1401,,950,33,,,0
2019,'1475042',1431,,951,33,,,0
2019,'1475043',1501,,952,33,,,0
2019,'1475044',1531,,953,33,,,0
2019,'1475045',1601,,954,33,,,0
2019,'1475046',1631,,955,33,,,0
2019,'1475047',1701,,956,33,,,0
2019,'1475048',1731,,957,33,,,0
2019,'1475049',1801,,958,33,,,0
2019,'1475050',1831,,959,33,,,0
2019,'1475051',1901,,960,33,,,0
2019,'1475052',1931,,961,33,,,0
2019,'1475053',2001,,962,33,,,0
