2019,'1474998',635,,907,38,,,0
2019,'1474999',705,,908,38,,,0
2019,'1475000',735,,909,38,,,0
2019,'1475001',805,,910,38,,,0
2019,'1475002',835,,911,38,,,0
2019,'1475003',905,,912,38,,,0
2019,'1475004',935,,913,38,,,0
2019,'1475005',1005,,914,38,,,0
2019,'1475006',1035,,915,38,,,0
2019,'1475007',1105,,916,38,,,0
2019,'1475008',1135,,917,38,,,0
2019,'1475009',1205,,918,38,,,0
2019,'1475010',1235,,919,38,,,0
2019,'1475011',1305,,920,38,,,0
2019,'1475012',1335,,921,38,,,0
2019,'1475013',1405,,922,38,,,0
2019,'1475014',1435,,923,38,,,0
2019,'1475015',1505,,924,38,,,0
2019,'1475016',1535,,925,38,,,0
2019,'1475017',1605,,926,38,,,0
2019,'1475018',1635,,927,38,,,0
2019,'1475019',1705,,928,38,,,0
2019,'1475020',1735,,929,38,,,0
2019,'1475021',1805,,930,38,,,0
2019,'1475022',1835,,931,38,,,0
2019,'1475023',1905,,932,38,,,0
2019,'1475024',1935,,933,38,,,0
2019,'1475025',2005,,934,38,,,0
2019,'1475026',2035,,935,38,,,0
2019,'1475027',2105,,936,38,,,0
2019,'1475028',2135,,937,38,,,0
2019,'1475029',2205,,938,38,,,0
2019,'1475030',2235,,939,38,,,0
2019,'1475031',905,,940,38,,,0
2019,'1475032',935,,941,38,,,0
2019,'1475033',1005,,942,38,,,0
2019,'1475034',1035,,943,38,,,0
2019,'1475035',1105,,944,38,,,0
2019,'1475036',1135,,945,38,,,0
2019,'1475037',1205,,946,38,,,0
2019,'1475038',1235,,947,38,,,0
2019,'1475039',1305,,948,38,,,0
2019,'1475040',1335,,949,38,,,0
2019,'1475041',1405,,950,38,,,0
2019,'1475042',1435,,951,38,,,0
2019,'1475043',1505,,952,38,,,0
2019,'1475044',1535,,953,38,,,0
2019,'1475045',1605,,954,38,,,0
2019,'1475046',1635,,955,38,,,0
2019,'1475047',1705,,956,38,,,0
2019,'1475048',1735,,957,38,,,0
2019,'1475049',1805,,958,38,,,0
2019,'1475050',1835,,959,38,,,0
2019,'1475051',1905,,960,38,,,0
2019,'1475052',1935,,961,38,,,0
2019,'1475053',2005,,962,38,,,0
