4019,'1474077',640,,965,31,,,0
4019,'1474078',710,,966,31,,,0
4019,'1474079',740,,967,31,,,0
4019,'1474080',810,,968,31,,,0
4019,'1474081',840,,969,31,,,0
4019,'1474082',910,,970,31,,,0
4019,'1474083',940,,971,31,,,0
4019,'1474084',1010,,972,31,,,0
4019,'1474085',1040,,973,31,,,0
4019,'1474086',1110,,974,31,,,0
4019,'1474087',1140,,975,31,,,0
4019,'1474088',1210,,976,31,,,0
4019,'1474089',1240,,977,31,,,0
4019,'1474090',1310,,978,31,,,0
4019,'1474091',1340,,979,31,,,0
4019,'1474092',1410,,980,31,,,0
4019,'1474093',1440,,981,31,,,0
4019,'1474094',1510,,982,31,,,0
4019,'1474095',1540,,983,31,,,0
4019,'1474096',1610,,984,31,,,0
4019,'1474097',1640,,985,31,,,0
4019,'1474098',1710,,986,31,,,0
4019,'1474099',1740,,987,31,,,0
4019,'1474100',1810,,988,31,,,0
4019,'1474101',1840,,989,31,,,0
4019,'1474102',1910,,990,31,,,0
4019,'1474103',1940,,991,31,,,0
4019,'1474104',2010,,992,31,,,0
4019,'1474105',2040,,993,31,,,0
4019,'1474106',2110,,994,31,,,0
4019,'1474107',2140,,995,31,,,0
4019,'1474108',2210,,996,31,,,0
4019,'1474109',2240,,997,31,,,0
4019,'1474110',910,,998,31,,,0
4019,'1474111',940,,999,31,,,0
4019,'1474112',1010,,1000,31,,,0
4019,'1474113',1040,,1001,31,,,0
4019,'1474114',1110,,1002,31,,,0
4019,'1474115',1140,,1003,31,,,0
4019,'1474116',1210,,1004,31,,,0
4019,'1474117',1240,,1005,31,,,0
4019,'1474118',1310,,1006,31,,,0
4019,'1474119',1340,,1007,31,,,0
4019,'1474120',1410,,1008,31,,,0
4019,'1474121',1440,,1009,31,,,0
4019,'1474122',1510,,1010,31,,,0
4019,'1474123',1540,,1011,31,,,0
4019,'1474124',1610,,1012,31,,,0
4019,'1474125',1640,,1013,31,,,0
4019,'1474126',1710,,1014,31,,,0
4019,'1474127',1740,,1015,31,,,0
4019,'1474128',1810,,1016,31,,,0
4019,'1474129',1840,,1017,31,,,0
4019,'1474130',1910,,1018,31,,,0
4019,'1474131',1940,,1019,31,,,0
4019,'1474132',2010,,1020,31,,,0
