4019,'1450170',1302,,1021,23,,,0
4019,'1450248',1302,,1022,23,,,0
4019,'1450249',2232,,1023,23,,,0
4019,'1450263',1732,,1024,23,,,0
4019,'1450293',1102,,1025,23,,,0
4019,'1450304',1832,,1026,23,,,0
4019,'1450315',1532,,1027,23,,,0
4019,'1450330',1132,,1028,23,,,0
4019,'1450347',1902,,1029,23,,,0
4019,'1450356',732,,1030,23,,,0
4019,'1450379',1132,,1031,23,,,0
4019,'1450395',632,,1032,23,,,0
4019,'1450412',1902,,1033,23,,,0
4019,'1450461',902,,1034,23,,,0
4019,'1450470',2102,,1035,23,,,0
4019,'1450505',1232,,1036,23,,,0
4019,'1450545',1632,,1037,23,,,0
4019,'1450564',1502,,1038,23,,,0
4019,'1450589',1402,,1039,23,,,0
4019,'1450655',1802,,1040,23,,,0
4019,'1450679',2002,,1041,23,,,0
4019,'1450692',1602,,1042,23,,,0
4019,'1450715',1432,,1043,23,,,0
4019,'1450733',1332,,1044,23,,,0
4019,'1450757',1702,,1045,23,,,0
4019,'1450793',802,,1046,23,,,0
4019,'1450872',1732,,1047,23,,,0
4019,'1450917',832,,1048,23,,,0
4019,'1450918',1002,,1049,23,,,0
4019,'1450952',1202,,1050,23,,,0
4019,'1450964',2032,,1051,23,,,0
4019,'1450972',1402,,1052,23,,,0
4019,'1450985',1932,,1053,23,,,0
4019,'1450986',1832,,1054,23,,,0
4019,'1451005',1502,,1055,23,,,0
4019,'1451006',2202,,1056,23,,,0
4019,'1451058',1102,,1057,23,,,0
4019,'1451063',1932,,1058,23,,,0
4019,'1451086',1632,,1059,23,,,0
4019,'1451117',702,,1060,23,,,0
4019,'1451122',2002,,1061,23,,,0
4019,'1451125',1432,,1062,23,,,0
4019,'1451144',1702,,1063,23,,,0
4019,'1451171',1002,,1064,23,,,0
4019,'1451240',1232,,1065,23,,,0
4019,'1451247',1332,,1066,23,,,0
4019,'1451281',932,,1067,23,,,0
4019,'1451311',932,,1068,23,,,0
4019,'1451343',1032,,1069,23,,,0
4019,'1451357',1202,,1070,23,,,0
4019,'1451365',1802,,1071,23,,,0
4019,'1451367',1602,,1072,23,,,0
4019,'1451427',2132,,1073,23,,,0
4019,'1451446',1532,,1074,23,,,0
4019,'1451449',1032,,1075,23,,,0
4019,'1451526',902,,1076,23,,,0
