4019,'1450170',1252,,1021,10,,,0
4019,'1450248',1252,,1022,10,,,0
4019,'1450249',2222,,1023,10,,,0
4019,'1450263',1722,,1024,10,,,0
4019,'1450293',1052,,1025,10,,,0
4019,'1450304',1822,,1026,10,,,0
4019,'1450315',1522,,1027,10,,,0
4019,'1450330',1122,,1028,10,,,0
4019,'1450347',1852,,1029,10,,,0
4019,'1450356',722,,1030,10,,,0
4019,'1450379',1122,,1031,10,,,0
4019,'1450395',622,,1032,10,,,0
4019,'1450412',1852,,1033,10,,,0
4019,'1450461',852,,1034,10,,,0
4019,'1450470',2052,,1035,10,,,0
4019,'1450505',1222,,1036,10,,,0
4019,'1450545',1622,,1037,10,,,0
4019,'1450564',1452,,1038,10,,,0
4019,'1450589',1352,,1039,10,,,0
4019,'1450655',1752,,1040,10,,,0
4019,'1450679',1952,,1041,10,,,0
4019,'1450692',1552,,1042,10,,,0
4019,'1450715',1422,,1043,10,,,0
4019,'1450733',1322,,1044,10,,,0
4019,'1450757',1652,,1045,10,,,0
4019,'1450793',752,,1046,10,,,0
4019,'1450872',1722,,1047,10,,,0
4019,'1450917',822,,1048,10,,,0
4019,'1450918',952,,1049,10,,,0
4019,'1450952',1152,,1050,10,,,0
4019,'1450964',2022,,1051,10,,,0
4019,'1450972',1352,,1052,10,,,0
4019,'1450985',1922,,1053,10,,,0
4019,'1450986',1822,,1054,10,,,0
4019,'1451005',1452,,1055,10,,,0
4019,'1451006',2152,,1056,10,,,0
4019,'1451058',1052,,1057,10,,,0
4019,'1451063',1922,,1058,10,,,0
4019,'1451086',1622,,1059,10,,,0
4019,'1451117',652,,1060,10,,,0
4019,'1451122',1952,,1061,10,,,0
4019,'1451125',1422,,1062,10,,,0
4019,'1451144',1652,,1063,10,,,0
4019,'1451171',952,,1064,10,,,0
4019,'1451240',1222,,1065,10,,,0
4019,'1451247',1322,,1066,10,,,0
4019,'1451281',922,,1067,10,,,0
4019,'1451311',922,,1068,10,,,0
4019,'1451343',1022,,1069,10,,,0
4019,'1451357',1152,,1070,10,,,0
4019,'1451365',1752,,1071,10,,,0
4019,'1451367',1552,,1072,10,,,0
4019,'1451427',2122,,1073,10,,,0
4019,'1451446',1522,,1074,10,,,0
4019,'1451449',1022,,1075,10,,,0
4019,'1451526',852,,1076,10,,,0
7019,'1442614',722,,1077,14,,,0
7019,'1442622',1952,,1078,14,,,0
7019,'1442670',2122,,1079,14,,,0
7019,'1442732',2022,,1080,14,,,0
7019,'1442767',1622,,1081,14,,,0
7019,'1442817',1652,,1082,14,,,0
7019,'1442848',1752,,1083,14,,,0
7019,'1442896',752,,1084,14,,,0
7019,'1442972',1922,,1085,14,,,0
7019,'1443069',1222,,1086,14,,,0
7019,'1443156',622,,1087,14,,,0
7019,'1443162',1352,,1088,14,,,0
7019,'1443179',1422,,1089,14,,,0
7019,'1443229',1252,,1090,14,,,0
7019,'1443345',1822,,1091,14,,,0
7019,'1443404',822,,1092,14,,,0
7019,'1443436',1152,,1093,14,,,0
7019,'1443487',1122,,1094,14,,,0
7019,'1443532',652,,1095,14,,,0
7019,'1443541',922,,1096,14,,,0
7019,'1443550',2222,,1097,14,,,0
7019,'1443573',1552,,1098,14,,,0
7019,'1443663',1022,,1099,14,,,0
7019,'1443697',952,,1100,14,,,0
7019,'1443868',852,,1101,14,,,0
7019,'1443959',1052,,1102,14,,,0
7019,'1443993',1322,,1103,14,,,0
7019,'1444109',1452,,1104,14,,,0
7019,'1444167',2052,,1105,14,,,0
7019,'1444230',1852,,1106,14,,,0
7019,'1444467',1722,,1107,14,,,0
7019,'1444493',1522,,1108,14,,,0
7019,'1444706',2152,,1109,14,,,0
7019,'1471238',858,,337,14,,,0
7019,'1471239',928,,338,14,,,0
7019,'1471240',958,,339,14,,,0
7019,'1471241',1028,,340,14,,,0
7019,'1471242',1058,,341,14,,,0
7019,'1471243',1128,,342,14,,,0
7019,'1471244',1158,,343,14,,,0
7019,'1471245',1228,,344,14,,,0
7019,'1471246',1258,,345,14,,,0
7019,'1471247',1328,,346,14,,,0
7019,'1471248',1358,,347,14,,,0
7019,'1471249',1428,,348,14,,,0
7019,'1471250',1458,,349,14,,,0
7019,'1471251',1528,,350,14,,,0
7019,'1471252',1558,,351,14,,,0
7019,'1471253',1628,,352,14,,,0
7019,'1471254',1658,,353,14,,,0
7019,'1471255',1728,,354,14,,,0
7019,'1471256',1758,,355,14,,,0
7019,'1471257',1828,,356,14,,,0
7019,'1471258',1858,,357,14,,,0
7019,'1471259',1928,,358,14,,,0
7019,'1471260',1958,,359,14,,,0
