1,1019,'1456814',1
1,1019,'1456819',2
1,1019,'1456824',3
1,1019,'1456829',4
1,1019,'1456834',5
1,1019,'1456836',6
1,1019,'1456837',7
1,1019,'1456840',8
1,1019,'1456877',9
1,1019,'1456880',10
1,1019,'1456889',11
1,1019,'1456915',12
1,1019,'1456918',13
1,1019,'1456919',14
1,1019,'1456920',15
1,1019,'1456950',16
1,1019,'1456960',17
1,1019,'1456962',18
1,1019,'1456984',19
1,1019,'1456985',20
1,1019,'1457004',21
1,1019,'1457017',22
1,1019,'1457020',23
1,1019,'1457022',24
1,1019,'1457029',25
1,1019,'1457030',26
1,1019,'1457036',27
1,1019,'1457038',28
1,1019,'1457041',29
1,1019,'1457072',30
1,1019,'1457093',31
1,1019,'1457107',32
1,1019,'1457111',33
1,1019,'1457122',34
1,1019,'1457126',35
1,1019,'1457134',36
1,1019,'1457138',37
1,1019,'1457157',38
1,1019,'1457178',39
1,1019,'1457184',40
1,1019,'1457201',41
1,1019,'1457203',42
1,1019,'1457208',43
1,1019,'1457212',44
1,1019,'1457238',45
1,1019,'1457256',46
1,1019,'1457268',47
1,1019,'1457283',48
1,1019,'1457290',49
1,1019,'1457302',50
1,1019,'1457309',51
1,1019,'1457336',52
1,1019,'1457337',53
1,1019,'1457368',54
1,1019,'1457373',55
1,1019,'1457382',56
2,2019,'1474998',907
2,2019,'1474999',908
2,2019,'1475000',909
2,2019,'1475001',910
2,2019,'1475002',911
2,2019,'1475003',912
2,2019,'1475004',913
2,2019,'1475005',914
2,2019,'1475006',915
2,2019,'1475007',916
2,2019,'1475008',917
2,2019,'1475009',918
2,2019,'1475010',919
2,2019,'1475011',920
2,2019,'1475012',921
2,2019,'1475013',922
2,2019,'1475014',923
2,2019,'1475015',924
2,2019,'1475016',925
2,2019,'1475017',926
2,2019,'1475018',927
2,2019,'1475019',928
2,2019,'1475020',929
2,2019,'1475021',930
2,2019,'1475022',931
2,2019,'1475023',932
2,2019,'1475024',933
2,2019,'1475025',934
2,2019,'1475026',935
2,2019,'1475027',936
2,2019,'1475028',937
2,2019,'1475029',938
2,2019,'1475030',939
2,2019,'1475031',940
2,2019,'1475032',941
2,2019,'1475033',942
2,2019,'1475034',943
2,2019,'1475035',944
2,2019,'1475036',945
2,2019,'1475037',946
2,2019,'1475038',947
2,2019,'1475039',948
2,2019,'1475040',949
2,2019,'1475041',950
2,2019,'1475042',951
2,2019,'1475043',952
2,2019,'1475044',953
2,2019,'1475045',954
2,2019,'1475046',955
2,2019,'1475047',956
2,2019,'1475048',957
2,2019,'1475049',958
2,2019,'1475050',959
2,2019,'1475051',960
2,2019,'1475052',961
2,2019,'1475053',962
3,3019,'1442631',706
3,3019,'1442675',707
3,3019,'1442733',708
3,3019,'1442752',709
3,3019,'1443103',710
3,3019,'1443204',711
3,3019,'1443220',712
3,3019,'1443234',713
3,3019,'1443313',714
3,3019,'1443385',715
3,3019,'1443475',716
3,3019,'1443501',717
3,3019,'1443646',718
3,3019,'1443682',719
3,3019,'1443691',720
3,3019,'1443873',721
3,3019,'1443914',722
3,3019,'1443932',723
3,3019,'1444023',724
3,3019,'1444126',725
3,3019,'1444142',726
3,3019,'1444180',727
3,3019,'1444241',728
3,3019,'1444339',729
3,3019,'1444435',730
3,3019,'1444530',731
3,3019,'1444556',732
3,3019,'1444662',733
3,3029,'1402545',734
3,3029,'1402556',735
3,3029,'1402591',736
3,3029,'1402611',737
3,3029,'1402624',738
3,3029,'1402656',739
3,3029,'1402688',740
3,3029,'1402691',741
3,3029,'1402699',742
3,3029,'1402712',743
3,3029,'1402767',744
3,3029,'1402779',745
3,3029,'1402786',746
3,3029,'1402795',747
3,3029,'1402803',748
3,3029,'1402809',749
3,3029,'1402841',750
3,3029,'1402852',751
3,3029,'1402874',752
3,3029,'1402905',753
3,3029,'1402920',754
3,3029,'1402929',755
3,3029,'1402937',756
3,3029,'1402949',757
3,3029,'1403010',758
3,3029,'1403018',759
3,3029,'1403044',760
3,3029,'1471628',964
4,4019,'1450170',1021
4,4019,'1450248',1022
4,4019,'1450249',1023
4,4019,'1450263',1024
4,4019,'1450293',1025
4,4019,'1450304',1026
4,4019,'1450315',1027
4,4019,'1450330',1028
4,4019,'1450347',1029
4,4019,'1450356',1030
4,4019,'1450379',1031
4,4019,'1450395',1032
4,4019,'1450412',1033
4,4019,'1450461',1034
4,4019,'1450470',1035
4,4019,'1450505',1036
4,4019,'1450545',1037
4,4019,'1450564',1038
4,4019,'1450589',1039
4,4019,'1450655',1040
4,4019,'1450679',1041
4,4019,'1450692',1042
4,4019,'1450715',1043
4,4019,'1450733',1044
4,4019,'1450757',1045
4,4019,'1450793',1046
4,4019,'1450872',1047
4,4019,'1450917',1048
4,4019,'1450918',1049
4,4019,'1450952',1050
4,4019,'1450964',1051
4,4019,'1450972',1052
4,4019,'1450985',1053
4,4019,'1450986',1054
4,4019,'1451005',1055
4,4019,'1451006',1056
4,4019,'1451058',1057
4,4019,'1451063',1058
4,4019,'1451086',1059
4,4019,'1451117',1060
4,4019,'1451122',1061
4,4019,'1451125',1062
4,4019,'1451144',1063
4,4019,'1451171',1064
4,4019,'1451240',1065
4,4019,'1451247',1066
4,4019,'1451281',1067
4,4019,'1451311',1068
4,4019,'1451343',1069
4,4019,'1451357',1070
4,4019,'1451365',1071
4,4019,'1451367',1072
4,4019,'1451427',1073
4,4019,'1451446',1074
4,4019,'1451449',1075
4,4019,'1451526',1076
7,7019,'1442614',1077
7,7019,'1442622',1078
7,7019,'1442670',1079
7,7019,'1442732',1080
7,7019,'1442767',1081
7,7019,'1442817',1082
7,7019,'1442848',1083
7,7019,'1442896',1084
7,7019,'1442972',1085
7,7019,'1443069',1086
7,7019,'1443156',1087
7,7019,'1443162',1088
7,7019,'1443179',1089
7,7019,'1443229',1090
7,7019,'1443345',1091
7,7019,'1443404',1092
7,7019,'1443436',1093
7,7019,'1443487',1094
7,7019,'1443532',1095
7,7019,'1443541',1096
7,7019,'1443550',1097
7,7019,'1443573',1098
7,7019,'1443663',1099
7,7019,'1443697',1100
7,7019,'1443868',1101
7,7019,'1443959',1102
7,7019,'1443993',1103
7,7019,'1444109',1104
7,7019,'1444167',1105
7,7019,'1444230',1106
7,7019,'1444467',1107
7,7019,'1444493',1108
7,7019,'1444706',1109
7,7019,'1471238',337
7,7019,'1471239',338
7,7019,'1471240',339
7,7019,'1471241',340
7,7019,'1471242',341
7,7019,'1471243',342
7,7019,'1471244',343
7,7019,'1471245',344
7,7019,'1471246',345
7,7019,'1471247',346
7,7019,'1471248',347
7,7019,'1471249',348
7,7019,'1471250',349
7,7019,'1471251',350
7,7019,'1471252',351
7,7019,'1471253',352
7,7019,'1471254',353
7,7019,'1471255',354
7,7019,'1471256',355
7,7019,'1471257',356
7,7019,'1471258',357
7,7019,'1471259',358
7,7019,'1471260',359
8,8019,'1489412',281
8,8019,'1489413',282
8,8019,'1489414',283
8,8019,'1489415',284
8,8019,'1489416',285
8,8019,'1489417',286
8,8019,'1489418',287
8,8019,'1489419',288
8,8019,'1489420',289
8,8019,'1489421',290
8,8019,'1489422',291
8,8019,'1489423',292
8,8019,'1489424',293
8,8019,'1489425',294
8,8019,'1489426',295
8,8019,'1489427',296
8,8019,'1489428',297
8,8019,'1489429',298
8,8019,'1489430',299
8,8019,'1489431',300
8,8019,'1489432',301
8,8019,'1489433',302
8,8019,'1489434',303
8,8019,'1489435',304
8,8019,'1489436',305
8,8019,'1489437',306
8,8019,'1489438',307
8,8019,'1489439',308
8,8019,'1489440',309
8,8019,'1489441',310
8,8019,'1489442',311
8,8019,'1489443',312
8,8019,'1489444',313
8,8019,'1489445',314
8,8019,'1489446',315
8,8019,'1489447',316
8,8019,'1489448',317
8,8019,'1489449',318
8,8019,'1489450',319
8,8019,'1489451',320
8,8019,'1489452',321
8,8019,'1489453',322
8,8019,'1489454',323
8,8019,'1489455',324
8,8019,'1489456',325
8,8019,'1489457',326
8,8019,'1489458',327
8,8019,'1489459',328
8,8019,'1489460',329
8,8019,'1489461',330
8,8019,'1489462',331
8,8019,'1489463',332
8,8019,'1489464',333
8,8019,'1489465',334
8,8019,'1489466',335
8,8019,'1489467',336
