2019,'1474998',632,,907,34,,,0
2019,'1474999',702,,908,34,,,0
2019,'1475000',732,,909,34,,,0
2019,'1475001',802,,910,34,,,0
2019,'1475002',832,,911,34,,,0
2019,'1475003',902,,912,34,,,0
2019,'1475004',932,,913,34,,,0
2019,'1475005',1002,,914,34,,,0
2019,'1475006',1032,,915,34,,,0
2019,'1475007',1102,,916,34,,,0
2019,'1475008',1132,,917,34,,,0
2019,'1475009',1202,,918,34,,,0
2019,'1475010',1232,,919,34,,,0
2019,'1475011',1302,,920,34,,,0
2019,'1475012',1332,,921,34,,,0
2019,'1475013',1402,,922,34,,,0
2019,'1475014',1432,,923,34,,,0
2019,'1475015',1502,,924,34,,,0
2019,'1475016',1532,,925,34,,,0
2019,'1475017',1602,,926,34,,,0
2019,'1475018',1632,,927,34,,,0
2019,'1475019',1702,,928,34,,,0
2019,'1475020',1732,,929,34,,,0
2019,'1475021',1802,,930,34,,,0
2019,'1475022',1832,,931,34,,,0
2019,'1475023',1902,,932,34,,,0
2019,'1475024',1932,,933,34,,,0
2019,'1475025',2002,,934,34,,,0
2019,'1475026',2032,,935,34,,,0
2019,'1475027',2102,,936,34,,,0
2019,'1475028',2132,,937,34,,,0
2019,'1475029',2202,,938,34,,,0
2019,'1475030',2232,,939,34,,,0
2019,'1475031',902,,940,34,,,0
2019,'1475032',932,,941,34,,,0
2019,'1475033',1002,,942,34,,,0
2019,'1475034',1032,,943,34,,,0
2019,'1475035',1102,,944,34,,,0
2019,'1475036',1132,,945,34,,,0
2019,'1475037',1202,,946,34,,,0
2019,'1475038',1232,,947,34,,,0
2019,'1475039',1302,,948,34,,,0
2019,'1475040',1332,,949,34,,,0
2019,'1475041',1402,,950,34,,,0
2019,'1475042',1432,,951,34,,,0
2019,'1475043',1502,,952,34,,,0
2019,'1475044',1532,,953,34,,,0
2019,'1475045',1602,,954,34,,,0
2019,'1475046',1632,,955,34,,,0
2019,'1475047',1702,,956,34,,,0
2019,'1475048',1732,,957,34,,,0
2019,'1475049',1802,,958,34,,,0
2019,'1475050',1832,,959,34,,,0
2019,'1475051',1902,,960,34,,,0
2019,'1475052',1932,,961,34,,,0
2019,'1475053',2002,,962,34,,,0
