4019,'1450170',1253,,1021,13,,,0
4019,'1450248',1253,,1022,13,,,0
4019,'1450249',2223,,1023,13,,,0
4019,'1450263',1723,,1024,13,,,0
4019,'1450293',1053,,1025,13,,,0
4019,'1450304',1823,,1026,13,,,0
4019,'1450315',1523,,1027,13,,,0
4019,'1450330',1123,,1028,13,,,0
4019,'1450347',1853,,1029,13,,,0
4019,'1450356',723,,1030,13,,,0
4019,'1450379',1123,,1031,13,,,0
4019,'1450395',623,,1032,13,,,0
4019,'1450412',1853,,1033,13,,,0
4019,'1450461',853,,1034,13,,,0
4019,'1450470',2053,,1035,13,,,0
4019,'1450505',1223,,1036,13,,,0
4019,'1450545',1623,,1037,13,,,0
4019,'1450564',1453,,1038,13,,,0
4019,'1450589',1353,,1039,13,,,0
4019,'1450655',1753,,1040,13,,,0
4019,'1450679',1953,,1041,13,,,0
4019,'1450692',1553,,1042,13,,,0
4019,'1450715',1423,,1043,13,,,0
4019,'1450733',1323,,1044,13,,,0
4019,'1450757',1653,,1045,13,,,0
4019,'1450793',753,,1046,13,,,0
4019,'1450872',1723,,1047,13,,,0
4019,'1450917',823,,1048,13,,,0
4019,'1450918',953,,1049,13,,,0
4019,'1450952',1153,,1050,13,,,0
4019,'1450964',2023,,1051,13,,,0
4019,'1450972',1353,,1052,13,,,0
4019,'1450985',1923,,1053,13,,,0
4019,'1450986',1823,,1054,13,,,0
4019,'1451005',1453,,1055,13,,,0
4019,'1451006',2153,,1056,13,,,0
4019,'1451058',1053,,1057,13,,,0
4019,'1451063',1923,,1058,13,,,0
4019,'1451086',1623,,1059,13,,,0
4019,'1451117',653,,1060,13,,,0
4019,'1451122',1953,,1061,13,,,0
4019,'1451125',1423,,1062,13,,,0
4019,'1451144',1653,,1063,13,,,0
4019,'1451171',953,,1064,13,,,0
4019,'1451240',1223,,1065,13,,,0
4019,'1451247',1323,,1066,13,,,0
4019,'1451281',923,,1067,13,,,0
4019,'1451311',923,,1068,13,,,0
4019,'1451343',1023,,1069,13,,,0
4019,'1451357',1153,,1070,13,,,0
4019,'1451365',1753,,1071,13,,,0
4019,'1451367',1553,,1072,13,,,0
4019,'1451427',2123,,1073,13,,,0
4019,'1451446',1523,,1074,13,,,0
4019,'1451449',1023,,1075,13,,,0
4019,'1451526',853,,1076,13,,,0
