2019,'1474998',616,,907,2,,,0
2019,'1474999',646,,908,2,,,0
2019,'1475000',716,,909,2,,,0
2019,'1475001',746,,910,2,,,0
2019,'1475002',816,,911,2,,,0
2019,'1475003',846,,912,2,,,0
2019,'1475004',916,,913,2,,,0
2019,'1475005',946,,914,2,,,0
2019,'1475006',1016,,915,2,,,0
2019,'1475007',1046,,916,2,,,0
2019,'1475008',1116,,917,2,,,0
2019,'1475009',1146,,918,2,,,0
2019,'1475010',1216,,919,2,,,0
2019,'1475011',1246,,920,2,,,0
2019,'1475012',1316,,921,2,,,0
2019,'1475013',1346,,922,2,,,0
2019,'1475014',1416,,923,2,,,0
2019,'1475015',1446,,924,2,,,0
2019,'1475016',1516,,925,2,,,0
2019,'1475017',1546,,926,2,,,0
2019,'1475018',1616,,927,2,,,0
2019,'1475019',1646,,928,2,,,0
2019,'1475020',1716,,929,2,,,0
2019,'1475021',1746,,930,2,,,0
2019,'1475022',1816,,931,2,,,0
2019,'1475023',1846,,932,2,,,0
2019,'1475024',1916,,933,2,,,0
2019,'1475025',1946,,934,2,,,0
2019,'1475026',2016,,935,2,,,0
2019,'1475027',2046,,936,2,,,0
2019,'1475028',2116,,937,2,,,0
2019,'1475029',2146,,938,2,,,0
2019,'1475030',2216,,939,2,,,0
2019,'1475031',846,,940,2,,,0
2019,'1475032',916,,941,2,,,0
2019,'1475033',946,,942,2,,,0
2019,'1475034',1016,,943,2,,,0
2019,'1475035',1046,,944,2,,,0
2019,'1475036',1116,,945,2,,,0
2019,'1475037',1146,,946,2,,,0
2019,'1475038',1216,,947,2,,,0
2019,'1475039',1246,,948,2,,,0
2019,'1475040',1316,,949,2,,,0
2019,'1475041',1346,,950,2,,,0
2019,'1475042',1416,,951,2,,,0
2019,'1475043',1446,,952,2,,,0
2019,'1475044',1516,,953,2,,,0
2019,'1475045',1546,,954,2,,,0
2019,'1475046',1616,,955,2,,,0
2019,'1475047',1646,,956,2,,,0
2019,'1475048',1716,,957,2,,,0
2019,'1475049',1746,,958,2,,,0
2019,'1475050',1816,,959,2,,,0
2019,'1475051',1846,,960,2,,,0
2019,'1475052',1916,,961,2,,,0
2019,'1475053',1946,,962,2,,,0
