7019,'1442614',727,,1077,16,,,0
7019,'1442622',1957,,1078,16,,,0
7019,'1442670',2127,,1079,16,,,0
7019,'1442732',2027,,1080,16,,,0
7019,'1442767',1627,,1081,16,,,0
7019,'1442817',1657,,1082,16,,,0
7019,'1442848',1757,,1083,16,,,0
7019,'1442896',757,,1084,16,,,0
7019,'1442972',1927,,1085,16,,,0
7019,'1443069',1227,,1086,16,,,0
7019,'1443156',627,,1087,16,,,0
7019,'1443162',1357,,1088,16,,,0
7019,'1443179',1427,,1089,16,,,0
7019,'1443229',1257,,1090,16,,,0
7019,'1443345',1827,,1091,16,,,0
7019,'1443404',827,,1092,16,,,0
7019,'1443436',1157,,1093,16,,,0
7019,'1443487',1127,,1094,16,,,0
7019,'1443532',657,,1095,16,,,0
7019,'1443541',927,,1096,16,,,0
7019,'1443550',2227,,1097,16,,,0
7019,'1443573',1557,,1098,16,,,0
7019,'1443663',1027,,1099,16,,,0
7019,'1443697',957,,1100,16,,,0
7019,'1443868',857,,1101,16,,,0
7019,'1443959',1057,,1102,16,,,0
7019,'1443993',1327,,1103,16,,,0
7019,'1444109',1457,,1104,16,,,0
7019,'1444167',2057,,1105,16,,,0
7019,'1444230',1857,,1106,16,,,0
7019,'1444467',1727,,1107,16,,,0
7019,'1444493',1527,,1108,16,,,0
7019,'1444706',2157,,1109,16,,,0
7019,'1471238',901,,337,16,,,0
7019,'1471239',931,,338,16,,,0
7019,'1471240',1001,,339,16,,,0
7019,'1471241',1031,,340,16,,,0
7019,'1471242',1101,,341,16,,,0
7019,'1471243',1131,,342,16,,,0
7019,'1471244',1201,,343,16,,,0
7019,'1471245',1231,,344,16,,,0
7019,'1471246',1301,,345,16,,,0
7019,'1471247',1331,,346,16,,,0
7019,'1471248',1401,,347,16,,,0
7019,'1471249',1431,,348,16,,,0
7019,'1471250',1501,,349,16,,,0
7019,'1471251',1531,,350,16,,,0
7019,'1471252',1601,,351,16,,,0
7019,'1471253',1631,,352,16,,,0
7019,'1471254',1701,,353,16,,,0
7019,'1471255',1731,,354,16,,,0
7019,'1471256',1801,,355,16,,,0
7019,'1471257',1831,,356,16,,,0
7019,'1471258',1901,,357,16,,,0
7019,'1471259',1931,,358,16,,,0
7019,'1471260',2001,,359,16,,,0
