4019,'1474077',636,,965,27,,,0
4019,'1474078',706,,966,27,,,0
4019,'1474079',736,,967,27,,,0
4019,'1474080',806,,968,27,,,0
4019,'1474081',836,,969,27,,,0
4019,'1474082',906,,970,27,,,0
4019,'1474083',936,,971,27,,,0
4019,'1474084',1006,,972,27,,,0
4019,'1474085',1036,,973,27,,,0
4019,'1474086',1106,,974,27,,,0
4019,'1474087',1136,,975,27,,,0
4019,'1474088',1206,,976,27,,,0
4019,'1474089',1236,,977,27,,,0
4019,'1474090',1306,,978,27,,,0
4019,'1474091',1336,,979,27,,,0
4019,'1474092',1406,,980,27,,,0
4019,'1474093',1436,,981,27,,,0
4019,'1474094',1506,,982,27,,,0
4019,'1474095',1536,,983,27,,,0
4019,'1474096',1606,,984,27,,,0
4019,'1474097',1636,,985,27,,,0
4019,'1474098',1706,,986,27,,,0
4019,'1474099',1736,,987,27,,,0
4019,'1474100',1806,,988,27,,,0
4019,'1474101',1836,,989,27,,,0
4019,'1474102',1906,,990,27,,,0
4019,'1474103',1936,,991,27,,,0
4019,'1474104',2006,,992,27,,,0
4019,'1474105',2036,,993,27,,,0
4019,'1474106',2106,,994,27,,,0
4019,'1474107',2136,,995,27,,,0
4019,'1474108',2206,,996,27,,,0
4019,'1474109',2236,,997,27,,,0
4019,'1474110',906,,998,27,,,0
4019,'1474111',936,,999,27,,,0
4019,'1474112',1006,,1000,27,,,0
4019,'1474113',1036,,1001,27,,,0
4019,'1474114',1106,,1002,27,,,0
4019,'1474115',1136,,1003,27,,,0
4019,'1474116',1206,,1004,27,,,0
4019,'1474117',1236,,1005,27,,,0
4019,'1474118',1306,,1006,27,,,0
4019,'1474119',1336,,1007,27,,,0
4019,'1474120',1406,,1008,27,,,0
4019,'1474121',1436,,1009,27,,,0
4019,'1474122',1506,,1010,27,,,0
4019,'1474123',1536,,1011,27,,,0
4019,'1474124',1606,,1012,27,,,0
4019,'1474125',1636,,1013,27,,,0
4019,'1474126',1706,,1014,27,,,0
4019,'1474127',1736,,1015,27,,,0
4019,'1474128',1806,,1016,27,,,0
4019,'1474129',1836,,1017,27,,,0
4019,'1474130',1906,,1018,27,,,0
4019,'1474131',1936,,1019,27,,,0
4019,'1474132',2006,,1020,27,,,0
