4019,'1450170',1250,,1021,6,,,0
4019,'1450248',1250,,1022,6,,,0
4019,'1450249',2220,,1023,6,,,0
4019,'1450263',1720,,1024,6,,,0
4019,'1450293',1050,,1025,6,,,0
4019,'1450304',1820,,1026,6,,,0
4019,'1450315',1520,,1027,6,,,0
4019,'1450330',1120,,1028,6,,,0
4019,'1450347',1850,,1029,6,,,0
4019,'1450356',720,,1030,6,,,0
4019,'1450379',1120,,1031,6,,,0
4019,'1450395',620,,1032,6,,,0
4019,'1450412',1850,,1033,6,,,0
4019,'1450461',850,,1034,6,,,0
4019,'1450470',2050,,1035,6,,,0
4019,'1450505',1220,,1036,6,,,0
4019,'1450545',1620,,1037,6,,,0
4019,'1450564',1450,,1038,6,,,0
4019,'1450589',1350,,1039,6,,,0
4019,'1450655',1750,,1040,6,,,0
4019,'1450679',1950,,1041,6,,,0
4019,'1450692',1550,,1042,6,,,0
4019,'1450715',1420,,1043,6,,,0
4019,'1450733',1320,,1044,6,,,0
4019,'1450757',1650,,1045,6,,,0
4019,'1450793',750,,1046,6,,,0
4019,'1450872',1720,,1047,6,,,0
4019,'1450917',820,,1048,6,,,0
4019,'1450918',950,,1049,6,,,0
4019,'1450952',1150,,1050,6,,,0
4019,'1450964',2020,,1051,6,,,0
4019,'1450972',1350,,1052,6,,,0
4019,'1450985',1920,,1053,6,,,0
4019,'1450986',1820,,1054,6,,,0
4019,'1451005',1450,,1055,6,,,0
4019,'1451006',2150,,1056,6,,,0
4019,'1451058',1050,,1057,6,,,0
4019,'1451063',1920,,1058,6,,,0
4019,'1451086',1620,,1059,6,,,0
4019,'1451117',650,,1060,6,,,0
4019,'1451122',1950,,1061,6,,,0
4019,'1451125',1420,,1062,6,,,0
4019,'1451144',1650,,1063,6,,,0
4019,'1451171',950,,1064,6,,,0
4019,'1451240',1220,,1065,6,,,0
4019,'1451247',1320,,1066,6,,,0
4019,'1451281',920,,1067,6,,,0
4019,'1451311',920,,1068,6,,,0
4019,'1451343',1020,,1069,6,,,0
4019,'1451357',1150,,1070,6,,,0
4019,'1451365',1750,,1071,6,,,0
4019,'1451367',1550,,1072,6,,,0
4019,'1451427',2120,,1073,6,,,0
4019,'1451446',1520,,1074,6,,,0
4019,'1451449',1020,,1075,6,,,0
4019,'1451526',850,,1076,6,,,0
7019,'1442614',718,,1077,6,,,0
7019,'1442622',1948,,1078,6,,,0
7019,'1442670',2118,,1079,6,,,0
7019,'1442732',2018,,1080,6,,,0
7019,'1442767',1618,,1081,6,,,0
7019,'1442817',1648,,1082,6,,,0
7019,'1442848',1748,,1083,6,,,0
7019,'1442896',748,,1084,6,,,0
7019,'1442972',1918,,1085,6,,,0
7019,'1443069',1218,,1086,6,,,0
7019,'1443156',618,,1087,6,,,0
7019,'1443162',1348,,1088,6,,,0
7019,'1443179',1418,,1089,6,,,0
7019,'1443229',1248,,1090,6,,,0
7019,'1443345',1818,,1091,6,,,0
7019,'1443404',818,,1092,6,,,0
7019,'1443436',1148,,1093,6,,,0
7019,'1443487',1118,,1094,6,,,0
7019,'1443532',648,,1095,6,,,0
7019,'1443541',918,,1096,6,,,0
7019,'1443550',2218,,1097,6,,,0
7019,'1443573',1548,,1098,6,,,0
7019,'1443663',1018,,1099,6,,,0
7019,'1443697',948,,1100,6,,,0
7019,'1443868',848,,1101,6,,,0
7019,'1443959',1048,,1102,6,,,0
7019,'1443993',1318,,1103,6,,,0
7019,'1444109',1448,,1104,6,,,0
7019,'1444167',2048,,1105,6,,,0
7019,'1444230',1848,,1106,6,,,0
7019,'1444467',1718,,1107,6,,,0
7019,'1444493',1518,,1108,6,,,0
7019,'1444706',2148,,1109,6,,,0
7019,'1471238',852,,337,6,,,0
7019,'1471239',922,,338,6,,,0
7019,'1471240',952,,339,6,,,0
7019,'1471241',1022,,340,6,,,0
7019,'1471242',1052,,341,6,,,0
7019,'1471243',1122,,342,6,,,0
7019,'1471244',1152,,343,6,,,0
7019,'1471245',1222,,344,6,,,0
7019,'1471246',1252,,345,6,,,0
7019,'1471247',1322,,346,6,,,0
7019,'1471248',1352,,347,6,,,0
7019,'1471249',1422,,348,6,,,0
7019,'1471250',1452,,349,6,,,0
7019,'1471251',1522,,350,6,,,0
7019,'1471252',1552,,351,6,,,0
7019,'1471253',1622,,352,6,,,0
7019,'1471254',1652,,353,6,,,0
7019,'1471255',1722,,354,6,,,0
7019,'1471256',1752,,355,6,,,0
7019,'1471257',1822,,356,6,,,0
7019,'1471258',1852,,357,6,,,0
7019,'1471259',1922,,358,6,,,0
7019,'1471260',1952,,359,6,,,0
