4019,'1474077',622,,965,11,,,0
4019,'1474078',652,,966,11,,,0
4019,'1474079',722,,967,11,,,0
4019,'1474080',752,,968,11,,,0
4019,'1474081',822,,969,11,,,0
4019,'1474082',852,,970,11,,,0
4019,'1474083',922,,971,11,,,0
4019,'1474084',952,,972,11,,,0
4019,'1474085',1022,,973,11,,,0
4019,'1474086',1052,,974,11,,,0
4019,'1474087',1122,,975,11,,,0
4019,'1474088',1152,,976,11,,,0
4019,'1474089',1222,,977,11,,,0
4019,'1474090',1252,,978,11,,,0
4019,'1474091',1322,,979,11,,,0
4019,'1474092',1352,,980,11,,,0
4019,'1474093',1422,,981,11,,,0
4019,'1474094',1452,,982,11,,,0
4019,'1474095',1522,,983,11,,,0
4019,'1474096',1552,,984,11,,,0
4019,'1474097',1622,,985,11,,,0
4019,'1474098',1652,,986,11,,,0
4019,'1474099',1722,,987,11,,,0
4019,'1474100',1752,,988,11,,,0
4019,'1474101',1822,,989,11,,,0
4019,'1474102',1852,,990,11,,,0
4019,'1474103',1922,,991,11,,,0
4019,'1474104',1952,,992,11,,,0
4019,'1474105',2022,,993,11,,,0
4019,'1474106',2052,,994,11,,,0
4019,'1474107',2122,,995,11,,,0
4019,'1474108',2152,,996,11,,,0
4019,'1474109',2222,,997,11,,,0
4019,'1474110',852,,998,11,,,0
4019,'1474111',922,,999,11,,,0
4019,'1474112',952,,1000,11,,,0
4019,'1474113',1022,,1001,11,,,0
4019,'1474114',1052,,1002,11,,,0
4019,'1474115',1122,,1003,11,,,0
4019,'1474116',1152,,1004,11,,,0
4019,'1474117',1222,,1005,11,,,0
4019,'1474118',1252,,1006,11,,,0
4019,'1474119',1322,,1007,11,,,0
4019,'1474120',1352,,1008,11,,,0
4019,'1474121',1422,,1009,11,,,0
4019,'1474122',1452,,1010,11,,,0
4019,'1474123',1522,,1011,11,,,0
4019,'1474124',1552,,1012,11,,,0
4019,'1474125',1622,,1013,11,,,0
4019,'1474126',1652,,1014,11,,,0
4019,'1474127',1722,,1015,11,,,0
4019,'1474128',1752,,1016,11,,,0
4019,'1474129',1822,,1017,11,,,0
4019,'1474130',1852,,1018,11,,,0
4019,'1474131',1922,,1019,11,,,0
4019,'1474132',1952,,1020,11,,,0
