4019,'1474077',640,,965,30,,,0
4019,'1474078',710,,966,30,,,0
4019,'1474079',740,,967,30,,,0
4019,'1474080',810,,968,30,,,0
4019,'1474081',840,,969,30,,,0
4019,'1474082',910,,970,30,,,0
4019,'1474083',940,,971,30,,,0
4019,'1474084',1010,,972,30,,,0
4019,'1474085',1040,,973,30,,,0
4019,'1474086',1110,,974,30,,,0
4019,'1474087',1140,,975,30,,,0
4019,'1474088',1210,,976,30,,,0
4019,'1474089',1240,,977,30,,,0
4019,'1474090',1310,,978,30,,,0
4019,'1474091',1340,,979,30,,,0
4019,'1474092',1410,,980,30,,,0
4019,'1474093',1440,,981,30,,,0
4019,'1474094',1510,,982,30,,,0
4019,'1474095',1540,,983,30,,,0
4019,'1474096',1610,,984,30,,,0
4019,'1474097',1640,,985,30,,,0
4019,'1474098',1710,,986,30,,,0
4019,'1474099',1740,,987,30,,,0
4019,'1474100',1810,,988,30,,,0
4019,'1474101',1840,,989,30,,,0
4019,'1474102',1910,,990,30,,,0
4019,'1474103',1940,,991,30,,,0
4019,'1474104',2010,,992,30,,,0
4019,'1474105',2040,,993,30,,,0
4019,'1474106',2110,,994,30,,,0
4019,'1474107',2140,,995,30,,,0
4019,'1474108',2210,,996,30,,,0
4019,'1474109',2240,,997,30,,,0
4019,'1474110',910,,998,30,,,0
4019,'1474111',940,,999,30,,,0
4019,'1474112',1010,,1000,30,,,0
4019,'1474113',1040,,1001,30,,,0
4019,'1474114',1110,,1002,30,,,0
4019,'1474115',1140,,1003,30,,,0
4019,'1474116',1210,,1004,30,,,0
4019,'1474117',1240,,1005,30,,,0
4019,'1474118',1310,,1006,30,,,0
4019,'1474119',1340,,1007,30,,,0
4019,'1474120',1410,,1008,30,,,0
4019,'1474121',1440,,1009,30,,,0
4019,'1474122',1510,,1010,30,,,0
4019,'1474123',1540,,1011,30,,,0
4019,'1474124',1610,,1012,30,,,0
4019,'1474125',1640,,1013,30,,,0
4019,'1474126',1710,,1014,30,,,0
4019,'1474127',1740,,1015,30,,,0
4019,'1474128',1810,,1016,30,,,0
4019,'1474129',1840,,1017,30,,,0
4019,'1474130',1910,,1018,30,,,0
4019,'1474131',1940,,1019,30,,,0
4019,'1474132',2010,,1020,30,,,0
