7019,'1442614',729,,1077,18,,,0
7019,'1442622',1959,,1078,18,,,0
7019,'1442670',2129,,1079,18,,,0
7019,'1442732',2029,,1080,18,,,0
7019,'1442767',1629,,1081,18,,,0
7019,'1442817',1659,,1082,18,,,0
7019,'1442848',1759,,1083,18,,,0
7019,'1442896',759,,1084,18,,,0
7019,'1442972',1929,,1085,18,,,0
7019,'1443069',1229,,1086,18,,,0
7019,'1443156',629,,1087,18,,,0
7019,'1443162',1359,,1088,18,,,0
7019,'1443179',1429,,1089,18,,,0
7019,'1443229',1259,,1090,18,,,0
7019,'1443345',1829,,1091,18,,,0
7019,'1443404',829,,1092,18,,,0
7019,'1443436',1159,,1093,18,,,0
7019,'1443487',1129,,1094,18,,,0
7019,'1443532',659,,1095,18,,,0
7019,'1443541',929,,1096,18,,,0
7019,'1443550',2229,,1097,18,,,0
7019,'1443573',1559,,1098,18,,,0
7019,'1443663',1029,,1099,18,,,0
7019,'1443697',959,,1100,18,,,0
7019,'1443868',859,,1101,18,,,0
7019,'1443959',1059,,1102,18,,,0
7019,'1443993',1329,,1103,18,,,0
7019,'1444109',1459,,1104,18,,,0
7019,'1444167',2059,,1105,18,,,0
7019,'1444230',1859,,1106,18,,,0
7019,'1444467',1729,,1107,18,,,0
7019,'1444493',1529,,1108,18,,,0
7019,'1444706',2159,,1109,18,,,0
7019,'1471238',902,,337,18,,,0
7019,'1471239',932,,338,18,,,0
7019,'1471240',1002,,339,18,,,0
7019,'1471241',1032,,340,18,,,0
7019,'1471242',1102,,341,18,,,0
7019,'1471243',1132,,342,18,,,0
7019,'1471244',1202,,343,18,,,0
7019,'1471245',1232,,344,18,,,0
7019,'1471246',1302,,345,18,,,0
7019,'1471247',1332,,346,18,,,0
7019,'1471248',1402,,347,18,,,0
7019,'1471249',1432,,348,18,,,0
7019,'1471250',1502,,349,18,,,0
7019,'1471251',1532,,350,18,,,0
7019,'1471252',1602,,351,18,,,0
7019,'1471253',1632,,352,18,,,0
7019,'1471254',1702,,353,18,,,0
7019,'1471255',1732,,354,18,,,0
7019,'1471256',1802,,355,18,,,0
7019,'1471257',1832,,356,18,,,0
7019,'1471258',1902,,357,18,,,0
7019,'1471259',1932,,358,18,,,0
7019,'1471260',2002,,359,18,,,0
