2019,'1474998',638,,907,40,,,0
2019,'1474999',708,,908,40,,,0
2019,'1475000',738,,909,40,,,0
2019,'1475001',808,,910,40,,,0
2019,'1475002',838,,911,40,,,0
2019,'1475003',908,,912,40,,,0
2019,'1475004',938,,913,40,,,0
2019,'1475005',1008,,914,40,,,0
2019,'1475006',1038,,915,40,,,0
2019,'1475007',1108,,916,40,,,0
2019,'1475008',1138,,917,40,,,0
2019,'1475009',1208,,918,40,,,0
2019,'1475010',1238,,919,40,,,0
2019,'1475011',1308,,920,40,,,0
2019,'1475012',1338,,921,40,,,0
2019,'1475013',1408,,922,40,,,0
2019,'1475014',1438,,923,40,,,0
2019,'1475015',1508,,924,40,,,0
2019,'1475016',1538,,925,40,,,0
2019,'1475017',1608,,926,40,,,0
2019,'1475018',1638,,927,40,,,0
2019,'1475019',1708,,928,40,,,0
2019,'1475020',1738,,929,40,,,0
2019,'1475021',1808,,930,40,,,0
2019,'1475022',1838,,931,40,,,0
2019,'1475023',1908,,932,40,,,0
2019,'1475024',1938,,933,40,,,0
2019,'1475025',2008,,934,40,,,0
2019,'1475026',2038,,935,40,,,0
2019,'1475027',2108,,936,40,,,0
2019,'1475028',2138,,937,40,,,0
2019,'1475029',2208,,938,40,,,0
2019,'1475030',2238,,939,40,,,0
2019,'1475031',908,,940,40,,,0
2019,'1475032',938,,941,40,,,0
2019,'1475033',1008,,942,40,,,0
2019,'1475034',1038,,943,40,,,0
2019,'1475035',1108,,944,40,,,0
2019,'1475036',1138,,945,40,,,0
2019,'1475037',1208,,946,40,,,0
2019,'1475038',1238,,947,40,,,0
2019,'1475039',1308,,948,40,,,0
2019,'1475040',1338,,949,40,,,0
2019,'1475041',1408,,950,40,,,0
2019,'1475042',1438,,951,40,,,0
2019,'1475043',1508,,952,40,,,0
2019,'1475044',1538,,953,40,,,0
2019,'1475045',1608,,954,40,,,0
2019,'1475046',1638,,955,40,,,0
2019,'1475047',1708,,956,40,,,0
2019,'1475048',1738,,957,40,,,0
2019,'1475049',1808,,958,40,,,0
2019,'1475050',1838,,959,40,,,0
2019,'1475051',1908,,960,40,,,0
2019,'1475052',1938,,961,40,,,0
2019,'1475053',2008,,962,40,,,0
