2019,'1474998',622,,907,12,,,0
2019,'1474999',652,,908,12,,,0
2019,'1475000',722,,909,12,,,0
2019,'1475001',752,,910,12,,,0
2019,'1475002',822,,911,12,,,0
2019,'1475003',852,,912,12,,,0
2019,'1475004',922,,913,12,,,0
2019,'1475005',952,,914,12,,,0
2019,'1475006',1022,,915,12,,,0
2019,'1475007',1052,,916,12,,,0
2019,'1475008',1122,,917,12,,,0
2019,'1475009',1152,,918,12,,,0
2019,'1475010',1222,,919,12,,,0
2019,'1475011',1252,,920,12,,,0
2019,'1475012',1322,,921,12,,,0
2019,'1475013',1352,,922,12,,,0
2019,'1475014',1422,,923,12,,,0
2019,'1475015',1452,,924,12,,,0
2019,'1475016',1522,,925,12,,,0
2019,'1475017',1552,,926,12,,,0
2019,'1475018',1622,,927,12,,,0
2019,'1475019',1652,,928,12,,,0
2019,'1475020',1722,,929,12,,,0
2019,'1475021',1752,,930,12,,,0
2019,'1475022',1822,,931,12,,,0
2019,'1475023',1852,,932,12,,,0
2019,'1475024',1922,,933,12,,,0
2019,'1475025',1952,,934,12,,,0
2019,'1475026',2022,,935,12,,,0
2019,'1475027',2052,,936,12,,,0
2019,'1475028',2122,,937,12,,,0
2019,'1475029',2152,,938,12,,,0
2019,'1475030',2222,,939,12,,,0
2019,'1475031',852,,940,12,,,0
2019,'1475032',922,,941,12,,,0
2019,'1475033',952,,942,12,,,0
2019,'1475034',1022,,943,12,,,0
2019,'1475035',1052,,944,12,,,0
2019,'1475036',1122,,945,12,,,0
2019,'1475037',1152,,946,12,,,0
2019,'1475038',1222,,947,12,,,0
2019,'1475039',1252,,948,12,,,0
2019,'1475040',1322,,949,12,,,0
2019,'1475041',1352,,950,12,,,0
2019,'1475042',1422,,951,12,,,0
2019,'1475043',1452,,952,12,,,0
2019,'1475044',1522,,953,12,,,0
2019,'1475045',1552,,954,12,,,0
2019,'1475046',1622,,955,12,,,0
2019,'1475047',1652,,956,12,,,0
2019,'1475048',1722,,957,12,,,0
2019,'1475049',1752,,958,12,,,0
2019,'1475050',1822,,959,12,,,0
2019,'1475051',1852,,960,12,,,0
2019,'1475052',1922,,961,12,,,0
2019,'1475053',1952,,962,12,,,0
