7019,'1442614',730,,1077,20,,,0
7019,'1442622',2000,,1078,20,,,0
7019,'1442670',2130,,1079,20,,,0
7019,'1442732',2030,,1080,20,,,0
7019,'1442767',1630,,1081,20,,,0
7019,'1442817',1700,,1082,20,,,0
7019,'1442848',1800,,1083,20,,,0
7019,'1442896',800,,1084,20,,,0
7019,'1442972',1930,,1085,20,,,0
7019,'1443069',1230,,1086,20,,,0
7019,'1443156',630,,1087,20,,,0
7019,'1443162',1400,,1088,20,,,0
7019,'1443179',1430,,1089,20,,,0
7019,'1443229',1300,,1090,20,,,0
7019,'1443345',1830,,1091,20,,,0
7019,'1443404',830,,1092,20,,,0
7019,'1443436',1200,,1093,20,,,0
7019,'1443487',1130,,1094,20,,,0
7019,'1443532',700,,1095,20,,,0
7019,'1443541',930,,1096,20,,,0
7019,'1443550',2230,,1097,20,,,0
7019,'1443573',1600,,1098,20,,,0
7019,'1443663',1030,,1099,20,,,0
7019,'1443697',1000,,1100,20,,,0
7019,'1443868',900,,1101,20,,,0
7019,'1443959',1100,,1102,20,,,0
7019,'1443993',1330,,1103,20,,,0
7019,'1444109',1500,,1104,20,,,0
7019,'1444167',2100,,1105,20,,,0
7019,'1444230',1900,,1106,20,,,0
7019,'1444467',1730,,1107,20,,,0
7019,'1444493',1530,,1108,20,,,0
7019,'1444706',2200,,1109,20,,,0
7019,'1471238',903,,337,20,,,0
7019,'1471239',933,,338,20,,,0
7019,'1471240',1003,,339,20,,,0
7019,'1471241',1033,,340,20,,,0
7019,'1471242',1103,,341,20,,,0
7019,'1471243',1133,,342,20,,,0
7019,'1471244',1203,,343,20,,,0
7019,'1471245',1233,,344,20,,,0
7019,'1471246',1303,,345,20,,,0
7019,'1471247',1333,,346,20,,,0
7019,'1471248',1403,,347,20,,,0
7019,'1471249',1433,,348,20,,,0
7019,'1471250',1503,,349,20,,,0
7019,'1471251',1533,,350,20,,,0
7019,'1471252',1603,,351,20,,,0
7019,'1471253',1633,,352,20,,,0
7019,'1471254',1703,,353,20,,,0
7019,'1471255',1733,,354,20,,,0
7019,'1471256',1803,,355,20,,,0
7019,'1471257',1833,,356,20,,,0
7019,'1471258',1903,,357,20,,,0
7019,'1471259',1933,,358,20,,,0
7019,'1471260',2003,,359,20,,,0
