7019,'1442614',732,,1077,22,,,0
7019,'1442622',2002,,1078,22,,,0
7019,'1442670',2132,,1079,22,,,0
7019,'1442732',2032,,1080,22,,,0
7019,'1442767',1632,,1081,22,,,0
7019,'1442817',1702,,1082,22,,,0
7019,'1442848',1802,,1083,22,,,0
7019,'1442896',802,,1084,22,,,0
7019,'1442972',1932,,1085,22,,,0
7019,'1443069',1232,,1086,22,,,0
7019,'1443156',632,,1087,22,,,0
7019,'1443162',1402,,1088,22,,,0
7019,'1443179',1432,,1089,22,,,0
7019,'1443229',1302,,1090,22,,,0
7019,'1443345',1832,,1091,22,,,0
7019,'1443404',832,,1092,22,,,0
7019,'1443436',1202,,1093,22,,,0
7019,'1443487',1132,,1094,22,,,0
7019,'1443532',702,,1095,22,,,0
7019,'1443541',932,,1096,22,,,0
7019,'1443550',2232,,1097,22,,,0
7019,'1443573',1602,,1098,22,,,0
7019,'1443663',1032,,1099,22,,,0
7019,'1443697',1002,,1100,22,,,0
7019,'1443868',902,,1101,22,,,0
7019,'1443959',1102,,1102,22,,,0
7019,'1443993',1332,,1103,22,,,0
7019,'1444109',1502,,1104,22,,,0
7019,'1444167',2102,,1105,22,,,0
7019,'1444230',1902,,1106,22,,,0
7019,'1444467',1732,,1107,22,,,0
7019,'1444493',1532,,1108,22,,,0
7019,'1444706',2202,,1109,22,,,0
7019,'1471238',903,,337,22,,,0
7019,'1471239',933,,338,22,,,0
7019,'1471240',1003,,339,22,,,0
7019,'1471241',1033,,340,22,,,0
7019,'1471242',1103,,341,22,,,0
7019,'1471243',1133,,342,22,,,0
7019,'1471244',1203,,343,22,,,0
7019,'1471245',1233,,344,22,,,0
7019,'1471246',1303,,345,22,,,0
7019,'1471247',1333,,346,22,,,0
7019,'1471248',1403,,347,22,,,0
7019,'1471249',1433,,348,22,,,0
7019,'1471250',1503,,349,22,,,0
7019,'1471251',1533,,350,22,,,0
7019,'1471252',1603,,351,22,,,0
7019,'1471253',1633,,352,22,,,0
7019,'1471254',1703,,353,22,,,0
7019,'1471255',1733,,354,22,,,0
7019,'1471256',1803,,355,22,,,0
7019,'1471257',1833,,356,22,,,0
7019,'1471258',1903,,357,22,,,0
7019,'1471259',1933,,358,22,,,0
7019,'1471260',2003,,359,22,,,0
