2019,'1474998',626,,907,24,,,0
2019,'1474999',656,,908,24,,,0
2019,'1475000',726,,909,24,,,0
2019,'1475001',756,,910,24,,,0
2019,'1475002',826,,911,24,,,0
2019,'1475003',856,,912,24,,,0
2019,'1475004',926,,913,24,,,0
2019,'1475005',956,,914,24,,,0
2019,'1475006',1026,,915,24,,,0
2019,'1475007',1056,,916,24,,,0
2019,'1475008',1126,,917,24,,,0
2019,'1475009',1156,,918,24,,,0
2019,'1475010',1226,,919,24,,,0
2019,'1475011',1256,,920,24,,,0
2019,'1475012',1326,,921,24,,,0
2019,'1475013',1356,,922,24,,,0
2019,'1475014',1426,,923,24,,,0
2019,'1475015',1456,,924,24,,,0
2019,'1475016',1526,,925,24,,,0
2019,'1475017',1556,,926,24,,,0
2019,'1475018',1626,,927,24,,,0
2019,'1475019',1656,,928,24,,,0
2019,'1475020',1726,,929,24,,,0
2019,'1475021',1756,,930,24,,,0
2019,'1475022',1826,,931,24,,,0
2019,'1475023',1856,,932,24,,,0
2019,'1475024',1926,,933,24,,,0
2019,'1475025',1956,,934,24,,,0
2019,'1475026',2026,,935,24,,,0
2019,'1475027',2056,,936,24,,,0
2019,'1475028',2126,,937,24,,,0
2019,'1475029',2156,,938,24,,,0
2019,'1475030',2226,,939,24,,,0
2019,'1475031',856,,940,24,,,0
2019,'1475032',926,,941,24,,,0
2019,'1475033',956,,942,24,,,0
2019,'1475034',1026,,943,24,,,0
2019,'1475035',1056,,944,24,,,0
2019,'1475036',1126,,945,24,,,0
2019,'1475037',1156,,946,24,,,0
2019,'1475038',1226,,947,24,,,0
2019,'1475039',1256,,948,24,,,0
2019,'1475040',1326,,949,24,,,0
2019,'1475041',1356,,950,24,,,0
2019,'1475042',1426,,951,24,,,0
2019,'1475043',1456,,952,24,,,0
2019,'1475044',1526,,953,24,,,0
2019,'1475045',1556,,954,24,,,0
2019,'1475046',1626,,955,24,,,0
2019,'1475047',1656,,956,24,,,0
2019,'1475048',1726,,957,24,,,0
2019,'1475049',1756,,958,24,,,0
2019,'1475050',1826,,959,24,,,0
2019,'1475051',1856,,960,24,,,0
2019,'1475052',1926,,961,24,,,0
2019,'1475053',1956,,962,24,,,0
