2019,'1474998',636,,907,39,,,0
2019,'1474999',706,,908,39,,,0
2019,'1475000',736,,909,39,,,0
2019,'1475001',806,,910,39,,,0
2019,'1475002',836,,911,39,,,0
2019,'1475003',906,,912,39,,,0
2019,'1475004',936,,913,39,,,0
2019,'1475005',1006,,914,39,,,0
2019,'1475006',1036,,915,39,,,0
2019,'1475007',1106,,916,39,,,0
2019,'1475008',1136,,917,39,,,0
2019,'1475009',1206,,918,39,,,0
2019,'1475010',1236,,919,39,,,0
2019,'1475011',1306,,920,39,,,0
2019,'1475012',1336,,921,39,,,0
2019,'1475013',1406,,922,39,,,0
2019,'1475014',1436,,923,39,,,0
2019,'1475015',1506,,924,39,,,0
2019,'1475016',1536,,925,39,,,0
2019,'1475017',1606,,926,39,,,0
2019,'1475018',1636,,927,39,,,0
2019,'1475019',1706,,928,39,,,0
2019,'1475020',1736,,929,39,,,0
2019,'1475021',1806,,930,39,,,0
2019,'1475022',1836,,931,39,,,0
2019,'1475023',1906,,932,39,,,0
2019,'1475024',1936,,933,39,,,0
2019,'1475025',2006,,934,39,,,0
2019,'1475026',2036,,935,39,,,0
2019,'1475027',2106,,936,39,,,0
2019,'1475028',2136,,937,39,,,0
2019,'1475029',2206,,938,39,,,0
2019,'1475030',2236,,939,39,,,0
2019,'1475031',906,,940,39,,,0
2019,'1475032',936,,941,39,,,0
2019,'1475033',1006,,942,39,,,0
2019,'1475034',1036,,943,39,,,0
2019,'1475035',1106,,944,39,,,0
2019,'1475036',1136,,945,39,,,0
2019,'1475037',1206,,946,39,,,0
2019,'1475038',1236,,947,39,,,0
2019,'1475039',1306,,948,39,,,0
2019,'1475040',1336,,949,39,,,0
2019,'1475041',1406,,950,39,,,0
2019,'1475042',1436,,951,39,,,0
2019,'1475043',1506,,952,39,,,0
2019,'1475044',1536,,953,39,,,0
2019,'1475045',1606,,954,39,,,0
2019,'1475046',1636,,955,39,,,0
2019,'1475047',1706,,956,39,,,0
2019,'1475048',1736,,957,39,,,0
2019,'1475049',1806,,958,39,,,0
2019,'1475050',1836,,959,39,,,0
2019,'1475051',1906,,960,39,,,0
2019,'1475052',1936,,961,39,,,0
2019,'1475053',2006,,962,39,,,0
