4019,'1474077',615,,965,1,,,0,30,,965,36,4,,0
4019,'1474078',645,,966,1,,,0,70,,966,36,4,,0
4019,'1474079',715,,967,1,,,0,30,,967,36,4,,0
4019,'1474080',745,,968,1,,,0,70,,968,36,4,,0
4019,'1474081',815,,969,1,,,0,30,,969,36,4,,0
4019,'1474082',845,,970,1,,,0,70,,970,36,4,,0
4019,'1474083',915,,971,1,,,0,30,,971,36,4,,0
4019,'1474084',945,,972,1,,,0,70,,972,36,4,,0
4019,'1474085',1015,,973,1,,,0,30,,973,36,4,,0
4019,'1474086',1045,,974,1,,,0,70,,974,36,4,,0
4019,'1474087',1115,,975,1,,,0,30,,975,36,4,,0
4019,'1474088',1145,,976,1,,,0,70,,976,36,4,,0
4019,'1474089',1215,,977,1,,,0,30,,977,36,4,,0
4019,'1474090',1245,,978,1,,,0,70,,978,36,4,,0
4019,'1474091',1315,,979,1,,,0,30,,979,36,4,,0
4019,'1474092',1345,,980,1,,,0,70,,980,36,4,,0
4019,'1474093',1415,,981,1,,,0,30,,981,36,4,,0
4019,'1474094',1445,,982,1,,,0,70,,982,36,4,,0
4019,'1474095',1515,,983,1,,,0,30,,983,36,4,,0
4019,'1474096',1545,,984,1,,,0,70,,984,36,4,,0
4019,'1474097',1615,,985,1,,,0,30,,985,36,4,,0
4019,'1474098',1645,,986,1,,,0,70,,986,36,4,,0
4019,'1474099',1715,,987,1,,,0,30,,987,36,4,,0
4019,'1474100',1745,,988,1,,,0,70,,988,36,4,,0
4019,'1474101',1815,,989,1,,,0,30,,989,36,4,,0
4019,'1474102',1845,,990,1,,,0,70,,990,36,4,,0
4019,'1474103',1915,,991,1,,,0,30,,991,36,4,,0
4019,'1474104',1945,,992,1,,,0,70,,992,36,4,,0
4019,'1474105',2015,,993,1,,,0,30,,993,36,4,,0
4019,'1474106',2045,,994,1,,,0,70,,994,36,4,,0
4019,'1474107',2115,,995,1,,,0,30,,995,36,4,,0
4019,'1474108',2145,,996,1,,,0,70,,996,36,4,,0
4019,'1474109',2215,,997,1,,,0,30,,997,36,4,,0
4019,'1474110',845,,998,1,,,0,70,,998,36,4,,0
4019,'1474111',915,,999,1,,,0,30,,999,36,4,,0
4019,'1474112',945,,1000,1,,,0,70,,1000,36,4,,0
4019,'1474113',1015,,1001,1,,,0,30,,1001,36,4,,0
4019,'1474114',1045,,1002,1,,,0,70,,1002,36,4,,0
4019,'1474115',1115,,1003,1,,,0,30,,1003,36,4,,0
4019,'1474116',1145,,1004,1,,,0,70,,1004,36,4,,0
4019,'1474117',1215,,1005,1,,,0,30,,1005,36,4,,0
4019,'1474118',1245,,1006,1,,,0,70,,1006,36,4,,0
4019,'1474119',1315,,1007,1,,,0,30,,1007,36,4,,0
4019,'1474120',1345,,1008,1,,,0,70,,1008,36,4,,0
4019,'1474121',1415,,1009,1,,,0,30,,1009,36,4,,0
4019,'1474122',1445,,1010,1,,,0,70,,1010,36,4,,0
4019,'1474123',1515,,1011,1,,,0,30,,1011,36,4,,0
4019,'1474124',1545,,1012,1,,,0,70,,1012,36,4,,0
4019,'1474125',1615,,1013,1,,,0,30,,1013,36,4,,0
4019,'1474126',1645,,1014,1,,,0,70,,1014,36,4,,0
4019,'1474127',1715,,1015,1,,,0,30,,1015,36,4,,0
4019,'1474128',1745,,1016,1,,,0,70,,1016,36,4,,0
4019,'1474129',1815,,1017,1,,,0,30,,1017,36,4,,0
4019,'1474130',1845,,1018,1,,,0,70,,1018,36,4,,0
4019,'1474131',1915,,1019,1,,,0,30,,1019,36,4,,0
4019,'1474132',1945,,1020,1,,,0,70,,1020,36,4,,0
