2019,'1474998',632,,907,35,,,0
2019,'1474999',702,,908,35,,,0
2019,'1475000',732,,909,35,,,0
2019,'1475001',802,,910,35,,,0
2019,'1475002',832,,911,35,,,0
2019,'1475003',902,,912,35,,,0
2019,'1475004',932,,913,35,,,0
2019,'1475005',1002,,914,35,,,0
2019,'1475006',1032,,915,35,,,0
2019,'1475007',1102,,916,35,,,0
2019,'1475008',1132,,917,35,,,0
2019,'1475009',1202,,918,35,,,0
2019,'1475010',1232,,919,35,,,0
2019,'1475011',1302,,920,35,,,0
2019,'1475012',1332,,921,35,,,0
2019,'1475013',1402,,922,35,,,0
2019,'1475014',1432,,923,35,,,0
2019,'1475015',1502,,924,35,,,0
2019,'1475016',1532,,925,35,,,0
2019,'1475017',1602,,926,35,,,0
2019,'1475018',1632,,927,35,,,0
2019,'1475019',1702,,928,35,,,0
2019,'1475020',1732,,929,35,,,0
2019,'1475021',1802,,930,35,,,0
2019,'1475022',1832,,931,35,,,0
2019,'1475023',1902,,932,35,,,0
2019,'1475024',1932,,933,35,,,0
2019,'1475025',2002,,934,35,,,0
2019,'1475026',2032,,935,35,,,0
2019,'1475027',2102,,936,35,,,0
2019,'1475028',2132,,937,35,,,0
2019,'1475029',2202,,938,35,,,0
2019,'1475030',2232,,939,35,,,0
2019,'1475031',902,,940,35,,,0
2019,'1475032',932,,941,35,,,0
2019,'1475033',1002,,942,35,,,0
2019,'1475034',1032,,943,35,,,0
2019,'1475035',1102,,944,35,,,0
2019,'1475036',1132,,945,35,,,0
2019,'1475037',1202,,946,35,,,0
2019,'1475038',1232,,947,35,,,0
2019,'1475039',1302,,948,35,,,0
2019,'1475040',1332,,949,35,,,0
2019,'1475041',1402,,950,35,,,0
2019,'1475042',1432,,951,35,,,0
2019,'1475043',1502,,952,35,,,0
2019,'1475044',1532,,953,35,,,0
2019,'1475045',1602,,954,35,,,0
2019,'1475046',1632,,955,35,,,0
2019,'1475047',1702,,956,35,,,0
2019,'1475048',1732,,957,35,,,0
2019,'1475049',1802,,958,35,,,0
2019,'1475050',1832,,959,35,,,0
2019,'1475051',1902,,960,35,,,0
2019,'1475052',1932,,961,35,,,0
2019,'1475053',2002,,962,35,,,0
