7019,'1442614',742,,1077,27,,,0
7019,'1442622',2012,,1078,27,,,0
7019,'1442670',2142,,1079,27,,,0
7019,'1442732',2042,,1080,27,,,0
7019,'1442767',1642,,1081,27,,,0
7019,'1442817',1712,,1082,27,,,0
7019,'1442848',1812,,1083,27,,,0
7019,'1442896',812,,1084,27,,,0
7019,'1442972',1942,,1085,27,,,0
7019,'1443069',1242,,1086,27,,,0
7019,'1443156',642,,1087,27,,,0
7019,'1443162',1412,,1088,27,,,0
7019,'1443179',1442,,1089,27,,,0
7019,'1443229',1312,,1090,27,,,0
7019,'1443345',1842,,1091,27,,,0
7019,'1443404',842,,1092,27,,,0
7019,'1443436',1212,,1093,27,,,0
7019,'1443487',1142,,1094,27,,,0
7019,'1443532',712,,1095,27,,,0
7019,'1443541',942,,1096,27,,,0
7019,'1443550',2242,,1097,27,,,0
7019,'1443573',1612,,1098,27,,,0
7019,'1443663',1042,,1099,27,,,0
7019,'1443697',1012,,1100,27,,,0
7019,'1443868',912,,1101,27,,,0
7019,'1443959',1112,,1102,27,,,0
7019,'1443993',1342,,1103,27,,,0
7019,'1444109',1512,,1104,27,,,0
7019,'1444167',2112,,1105,27,,,0
7019,'1444230',1912,,1106,27,,,0
7019,'1444467',1742,,1107,27,,,0
7019,'1444493',1542,,1108,27,,,0
7019,'1444706',2212,,1109,27,,,0
7019,'1471238',912,,337,27,,,0
7019,'1471239',942,,338,27,,,0
7019,'1471240',1012,,339,27,,,0
7019,'1471241',1042,,340,27,,,0
7019,'1471242',1112,,341,27,,,0
7019,'1471243',1142,,342,27,,,0
7019,'1471244',1212,,343,27,,,0
7019,'1471245',1242,,344,27,,,0
7019,'1471246',1312,,345,27,,,0
7019,'1471247',1342,,346,27,,,0
7019,'1471248',1412,,347,27,,,0
7019,'1471249',1442,,348,27,,,0
7019,'1471250',1512,,349,27,,,0
7019,'1471251',1542,,350,27,,,0
7019,'1471252',1612,,351,27,,,0
7019,'1471253',1642,,352,27,,,0
7019,'1471254',1712,,353,27,,,0
7019,'1471255',1742,,354,27,,,0
7019,'1471256',1812,,355,27,,,0
7019,'1471257',1842,,356,27,,,0
7019,'1471258',1912,,357,27,,,0
7019,'1471259',1942,,358,27,,,0
7019,'1471260',2012,,359,27,,,0
