2019,'1474998',620,,907,4,,,0
2019,'1474999',650,,908,4,,,0
2019,'1475000',720,,909,4,,,0
2019,'1475001',750,,910,4,,,0
2019,'1475002',820,,911,4,,,0
2019,'1475003',850,,912,4,,,0
2019,'1475004',920,,913,4,,,0
2019,'1475005',950,,914,4,,,0
2019,'1475006',1020,,915,4,,,0
2019,'1475007',1050,,916,4,,,0
2019,'1475008',1120,,917,4,,,0
2019,'1475009',1150,,918,4,,,0
2019,'1475010',1220,,919,4,,,0
2019,'1475011',1250,,920,4,,,0
2019,'1475012',1320,,921,4,,,0
2019,'1475013',1350,,922,4,,,0
2019,'1475014',1420,,923,4,,,0
2019,'1475015',1450,,924,4,,,0
2019,'1475016',1520,,925,4,,,0
2019,'1475017',1550,,926,4,,,0
2019,'1475018',1620,,927,4,,,0
2019,'1475019',1650,,928,4,,,0
2019,'1475020',1720,,929,4,,,0
2019,'1475021',1750,,930,4,,,0
2019,'1475022',1820,,931,4,,,0
2019,'1475023',1850,,932,4,,,0
2019,'1475024',1920,,933,4,,,0
2019,'1475025',1950,,934,4,,,0
2019,'1475026',2020,,935,4,,,0
2019,'1475027',2050,,936,4,,,0
2019,'1475028',2120,,937,4,,,0
2019,'1475029',2150,,938,4,,,0
2019,'1475030',2220,,939,4,,,0
2019,'1475031',850,,940,4,,,0
2019,'1475032',920,,941,4,,,0
2019,'1475033',950,,942,4,,,0
2019,'1475034',1020,,943,4,,,0
2019,'1475035',1050,,944,4,,,0
2019,'1475036',1120,,945,4,,,0
2019,'1475037',1150,,946,4,,,0
2019,'1475038',1220,,947,4,,,0
2019,'1475039',1250,,948,4,,,0
2019,'1475040',1320,,949,4,,,0
2019,'1475041',1350,,950,4,,,0
2019,'1475042',1420,,951,4,,,0
2019,'1475043',1450,,952,4,,,0
2019,'1475044',1520,,953,4,,,0
2019,'1475045',1550,,954,4,,,0
2019,'1475046',1620,,955,4,,,0
2019,'1475047',1650,,956,4,,,0
2019,'1475048',1720,,957,4,,,0
2019,'1475049',1750,,958,4,,,0
2019,'1475050',1820,,959,4,,,0
2019,'1475051',1850,,960,4,,,0
2019,'1475052',1920,,961,4,,,0
2019,'1475053',1950,,962,4,,,0
