4019,'1450170',1312,,1021,34,,,0
4019,'1450248',1312,,1022,34,,,0
4019,'1450249',2242,,1023,34,,,0
4019,'1450263',1742,,1024,34,,,0
4019,'1450293',1112,,1025,34,,,0
4019,'1450304',1842,,1026,34,,,0
4019,'1450315',1542,,1027,34,,,0
4019,'1450330',1142,,1028,34,,,0
4019,'1450347',1912,,1029,34,,,0
4019,'1450356',742,,1030,34,,,0
4019,'1450379',1142,,1031,34,,,0
4019,'1450395',642,,1032,34,,,0
4019,'1450412',1912,,1033,34,,,0
4019,'1450461',912,,1034,34,,,0
4019,'1450470',2112,,1035,34,,,0
4019,'1450505',1242,,1036,34,,,0
4019,'1450545',1642,,1037,34,,,0
4019,'1450564',1512,,1038,34,,,0
4019,'1450589',1412,,1039,34,,,0
4019,'1450655',1812,,1040,34,,,0
4019,'1450679',2012,,1041,34,,,0
4019,'1450692',1612,,1042,34,,,0
4019,'1450715',1442,,1043,34,,,0
4019,'1450733',1342,,1044,34,,,0
4019,'1450757',1712,,1045,34,,,0
4019,'1450793',812,,1046,34,,,0
4019,'1450872',1742,,1047,34,,,0
4019,'1450917',842,,1048,34,,,0
4019,'1450918',1012,,1049,34,,,0
4019,'1450952',1212,,1050,34,,,0
4019,'1450964',2042,,1051,34,,,0
4019,'1450972',1412,,1052,34,,,0
4019,'1450985',1942,,1053,34,,,0
4019,'1450986',1842,,1054,34,,,0
4019,'1451005',1512,,1055,34,,,0
4019,'1451006',2212,,1056,34,,,0
4019,'1451058',1112,,1057,34,,,0
4019,'1451063',1942,,1058,34,,,0
4019,'1451086',1642,,1059,34,,,0
4019,'1451117',712,,1060,34,,,0
4019,'1451122',2012,,1061,34,,,0
4019,'1451125',1442,,1062,34,,,0
4019,'1451144',1712,,1063,34,,,0
4019,'1451171',1012,,1064,34,,,0
4019,'1451240',1242,,1065,34,,,0
4019,'1451247',1342,,1066,34,,,0
4019,'1451281',942,,1067,34,,,0
4019,'1451311',942,,1068,34,,,0
4019,'1451343',1042,,1069,34,,,0
4019,'1451357',1212,,1070,34,,,0
4019,'1451365',1812,,1071,34,,,0
4019,'1451367',1612,,1072,34,,,0
4019,'1451427',2142,,1073,34,,,0
4019,'1451446',1542,,1074,34,,,0
4019,'1451449',1042,,1075,34,,,0
4019,'1451526',912,,1076,34,,,0
