2019,'1474998',621,,907,9,,,0
2019,'1474999',651,,908,9,,,0
2019,'1475000',721,,909,9,,,0
2019,'1475001',751,,910,9,,,0
2019,'1475002',821,,911,9,,,0
2019,'1475003',851,,912,9,,,0
2019,'1475004',921,,913,9,,,0
2019,'1475005',951,,914,9,,,0
2019,'1475006',1021,,915,9,,,0
2019,'1475007',1051,,916,9,,,0
2019,'1475008',1121,,917,9,,,0
2019,'1475009',1151,,918,9,,,0
2019,'1475010',1221,,919,9,,,0
2019,'1475011',1251,,920,9,,,0
2019,'1475012',1321,,921,9,,,0
2019,'1475013',1351,,922,9,,,0
2019,'1475014',1421,,923,9,,,0
2019,'1475015',1451,,924,9,,,0
2019,'1475016',1521,,925,9,,,0
2019,'1475017',1551,,926,9,,,0
2019,'1475018',1621,,927,9,,,0
2019,'1475019',1651,,928,9,,,0
2019,'1475020',1721,,929,9,,,0
2019,'1475021',1751,,930,9,,,0
2019,'1475022',1821,,931,9,,,0
2019,'1475023',1851,,932,9,,,0
2019,'1475024',1921,,933,9,,,0
2019,'1475025',1951,,934,9,,,0
2019,'1475026',2021,,935,9,,,0
2019,'1475027',2051,,936,9,,,0
2019,'1475028',2121,,937,9,,,0
2019,'1475029',2151,,938,9,,,0
2019,'1475030',2221,,939,9,,,0
2019,'1475031',851,,940,9,,,0
2019,'1475032',921,,941,9,,,0
2019,'1475033',951,,942,9,,,0
2019,'1475034',1021,,943,9,,,0
2019,'1475035',1051,,944,9,,,0
2019,'1475036',1121,,945,9,,,0
2019,'1475037',1151,,946,9,,,0
2019,'1475038',1221,,947,9,,,0
2019,'1475039',1251,,948,9,,,0
2019,'1475040',1321,,949,9,,,0
2019,'1475041',1351,,950,9,,,0
2019,'1475042',1421,,951,9,,,0
2019,'1475043',1451,,952,9,,,0
2019,'1475044',1521,,953,9,,,0
2019,'1475045',1551,,954,9,,,0
2019,'1475046',1621,,955,9,,,0
2019,'1475047',1651,,956,9,,,0
2019,'1475048',1721,,957,9,,,0
2019,'1475049',1751,,958,9,,,0
2019,'1475050',1821,,959,9,,,0
2019,'1475051',1851,,960,9,,,0
2019,'1475052',1921,,961,9,,,0
2019,'1475053',1951,,962,9,,,0
