2019,'1474998',630,,907,31,,,0
2019,'1474999',700,,908,31,,,0
2019,'1475000',730,,909,31,,,0
2019,'1475001',800,,910,31,,,0
2019,'1475002',830,,911,31,,,0
2019,'1475003',900,,912,31,,,0
2019,'1475004',930,,913,31,,,0
2019,'1475005',1000,,914,31,,,0
2019,'1475006',1030,,915,31,,,0
2019,'1475007',1100,,916,31,,,0
2019,'1475008',1130,,917,31,,,0
2019,'1475009',1200,,918,31,,,0
2019,'1475010',1230,,919,31,,,0
2019,'1475011',1300,,920,31,,,0
2019,'1475012',1330,,921,31,,,0
2019,'1475013',1400,,922,31,,,0
2019,'1475014',1430,,923,31,,,0
2019,'1475015',1500,,924,31,,,0
2019,'1475016',1530,,925,31,,,0
2019,'1475017',1600,,926,31,,,0
2019,'1475018',1630,,927,31,,,0
2019,'1475019',1700,,928,31,,,0
2019,'1475020',1730,,929,31,,,0
2019,'1475021',1800,,930,31,,,0
2019,'1475022',1830,,931,31,,,0
2019,'1475023',1900,,932,31,,,0
2019,'1475024',1930,,933,31,,,0
2019,'1475025',2000,,934,31,,,0
2019,'1475026',2030,,935,31,,,0
2019,'1475027',2100,,936,31,,,0
2019,'1475028',2130,,937,31,,,0
2019,'1475029',2200,,938,31,,,0
2019,'1475030',2230,,939,31,,,0
2019,'1475031',900,,940,31,,,0
2019,'1475032',930,,941,31,,,0
2019,'1475033',1000,,942,31,,,0
2019,'1475034',1030,,943,31,,,0
2019,'1475035',1100,,944,31,,,0
2019,'1475036',1130,,945,31,,,0
2019,'1475037',1200,,946,31,,,0
2019,'1475038',1230,,947,31,,,0
2019,'1475039',1300,,948,31,,,0
2019,'1475040',1330,,949,31,,,0
2019,'1475041',1400,,950,31,,,0
2019,'1475042',1430,,951,31,,,0
2019,'1475043',1500,,952,31,,,0
2019,'1475044',1530,,953,31,,,0
2019,'1475045',1600,,954,31,,,0
2019,'1475046',1630,,955,31,,,0
2019,'1475047',1700,,956,31,,,0
2019,'1475048',1730,,957,31,,,0
2019,'1475049',1800,,958,31,,,0
2019,'1475050',1830,,959,31,,,0
2019,'1475051',1900,,960,31,,,0
2019,'1475052',1930,,961,31,,,0
2019,'1475053',2000,,962,31,,,0
