4019,'1474077',642,,965,33,,,0
4019,'1474078',712,,966,33,,,0
4019,'1474079',742,,967,33,,,0
4019,'1474080',812,,968,33,,,0
4019,'1474081',842,,969,33,,,0
4019,'1474082',912,,970,33,,,0
4019,'1474083',942,,971,33,,,0
4019,'1474084',1012,,972,33,,,0
4019,'1474085',1042,,973,33,,,0
4019,'1474086',1112,,974,33,,,0
4019,'1474087',1142,,975,33,,,0
4019,'1474088',1212,,976,33,,,0
4019,'1474089',1242,,977,33,,,0
4019,'1474090',1312,,978,33,,,0
4019,'1474091',1342,,979,33,,,0
4019,'1474092',1412,,980,33,,,0
4019,'1474093',1442,,981,33,,,0
4019,'1474094',1512,,982,33,,,0
4019,'1474095',1542,,983,33,,,0
4019,'1474096',1612,,984,33,,,0
4019,'1474097',1642,,985,33,,,0
4019,'1474098',1712,,986,33,,,0
4019,'1474099',1742,,987,33,,,0
4019,'1474100',1812,,988,33,,,0
4019,'1474101',1842,,989,33,,,0
4019,'1474102',1912,,990,33,,,0
4019,'1474103',1942,,991,33,,,0
4019,'1474104',2012,,992,33,,,0
4019,'1474105',2042,,993,33,,,0
4019,'1474106',2112,,994,33,,,0
4019,'1474107',2142,,995,33,,,0
4019,'1474108',2212,,996,33,,,0
4019,'1474109',2242,,997,33,,,0
4019,'1474110',912,,998,33,,,0
4019,'1474111',942,,999,33,,,0
4019,'1474112',1012,,1000,33,,,0
4019,'1474113',1042,,1001,33,,,0
4019,'1474114',1112,,1002,33,,,0
4019,'1474115',1142,,1003,33,,,0
4019,'1474116',1212,,1004,33,,,0
4019,'1474117',1242,,1005,33,,,0
4019,'1474118',1312,,1006,33,,,0
4019,'1474119',1342,,1007,33,,,0
4019,'1474120',1412,,1008,33,,,0
4019,'1474121',1442,,1009,33,,,0
4019,'1474122',1512,,1010,33,,,0
4019,'1474123',1542,,1011,33,,,0
4019,'1474124',1612,,1012,33,,,0
4019,'1474125',1642,,1013,33,,,0
4019,'1474126',1712,,1014,33,,,0
4019,'1474127',1742,,1015,33,,,0
4019,'1474128',1812,,1016,33,,,0
4019,'1474129',1842,,1017,33,,,0
4019,'1474130',1912,,1018,33,,,0
4019,'1474131',1942,,1019,33,,,0
4019,'1474132',2012,,1020,33,,,0
