4019,'1450170',1247,,1021,4,,,0
4019,'1450248',1247,,1022,4,,,0
4019,'1450249',2217,,1023,4,,,0
4019,'1450263',1717,,1024,4,,,0
4019,'1450293',1047,,1025,4,,,0
4019,'1450304',1817,,1026,4,,,0
4019,'1450315',1517,,1027,4,,,0
4019,'1450330',1117,,1028,4,,,0
4019,'1450347',1847,,1029,4,,,0
4019,'1450356',717,,1030,4,,,0
4019,'1450379',1117,,1031,4,,,0
4019,'1450395',617,,1032,4,,,0
4019,'1450412',1847,,1033,4,,,0
4019,'1450461',847,,1034,4,,,0
4019,'1450470',2047,,1035,4,,,0
4019,'1450505',1217,,1036,4,,,0
4019,'1450545',1617,,1037,4,,,0
4019,'1450564',1447,,1038,4,,,0
4019,'1450589',1347,,1039,4,,,0
4019,'1450655',1747,,1040,4,,,0
4019,'1450679',1947,,1041,4,,,0
4019,'1450692',1547,,1042,4,,,0
4019,'1450715',1417,,1043,4,,,0
4019,'1450733',1317,,1044,4,,,0
4019,'1450757',1647,,1045,4,,,0
4019,'1450793',747,,1046,4,,,0
4019,'1450872',1717,,1047,4,,,0
4019,'1450917',817,,1048,4,,,0
4019,'1450918',947,,1049,4,,,0
4019,'1450952',1147,,1050,4,,,0
4019,'1450964',2017,,1051,4,,,0
4019,'1450972',1347,,1052,4,,,0
4019,'1450985',1917,,1053,4,,,0
4019,'1450986',1817,,1054,4,,,0
4019,'1451005',1447,,1055,4,,,0
4019,'1451006',2147,,1056,4,,,0
4019,'1451058',1047,,1057,4,,,0
4019,'1451063',1917,,1058,4,,,0
4019,'1451086',1617,,1059,4,,,0
4019,'1451117',647,,1060,4,,,0
4019,'1451122',1947,,1061,4,,,0
4019,'1451125',1417,,1062,4,,,0
4019,'1451144',1647,,1063,4,,,0
4019,'1451171',947,,1064,4,,,0
4019,'1451240',1217,,1065,4,,,0
4019,'1451247',1317,,1066,4,,,0
4019,'1451281',917,,1067,4,,,0
4019,'1451311',917,,1068,4,,,0
4019,'1451343',1017,,1069,4,,,0
4019,'1451357',1147,,1070,4,,,0
4019,'1451365',1747,,1071,4,,,0
4019,'1451367',1547,,1072,4,,,0
4019,'1451427',2117,,1073,4,,,0
4019,'1451446',1517,,1074,4,,,0
4019,'1451449',1017,,1075,4,,,0
4019,'1451526',847,,1076,4,,,0
7019,'1442614',716,,1077,4,,,0
7019,'1442622',1946,,1078,4,,,0
7019,'1442670',2116,,1079,4,,,0
7019,'1442732',2016,,1080,4,,,0
7019,'1442767',1616,,1081,4,,,0
7019,'1442817',1646,,1082,4,,,0
7019,'1442848',1746,,1083,4,,,0
7019,'1442896',746,,1084,4,,,0
7019,'1442972',1916,,1085,4,,,0
7019,'1443069',1216,,1086,4,,,0
7019,'1443156',616,,1087,4,,,0
7019,'1443162',1346,,1088,4,,,0
7019,'1443179',1416,,1089,4,,,0
7019,'1443229',1246,,1090,4,,,0
7019,'1443345',1816,,1091,4,,,0
7019,'1443404',816,,1092,4,,,0
7019,'1443436',1146,,1093,4,,,0
7019,'1443487',1116,,1094,4,,,0
7019,'1443532',646,,1095,4,,,0
7019,'1443541',916,,1096,4,,,0
7019,'1443550',2216,,1097,4,,,0
7019,'1443573',1546,,1098,4,,,0
7019,'1443663',1016,,1099,4,,,0
7019,'1443697',946,,1100,4,,,0
7019,'1443868',846,,1101,4,,,0
7019,'1443959',1046,,1102,4,,,0
7019,'1443993',1316,,1103,4,,,0
7019,'1444109',1446,,1104,4,,,0
7019,'1444167',2046,,1105,4,,,0
7019,'1444230',1846,,1106,4,,,0
7019,'1444467',1716,,1107,4,,,0
7019,'1444493',1516,,1108,4,,,0
7019,'1444706',2146,,1109,4,,,0
7019,'1471238',848,,337,4,,,0
7019,'1471239',918,,338,4,,,0
7019,'1471240',948,,339,4,,,0
7019,'1471241',1018,,340,4,,,0
7019,'1471242',1048,,341,4,,,0
7019,'1471243',1118,,342,4,,,0
7019,'1471244',1148,,343,4,,,0
7019,'1471245',1218,,344,4,,,0
7019,'1471246',1248,,345,4,,,0
7019,'1471247',1318,,346,4,,,0
7019,'1471248',1348,,347,4,,,0
7019,'1471249',1418,,348,4,,,0
7019,'1471250',1448,,349,4,,,0
7019,'1471251',1518,,350,4,,,0
7019,'1471252',1548,,351,4,,,0
7019,'1471253',1618,,352,4,,,0
7019,'1471254',1648,,353,4,,,0
7019,'1471255',1718,,354,4,,,0
7019,'1471256',1748,,355,4,,,0
7019,'1471257',1818,,356,4,,,0
7019,'1471258',1848,,357,4,,,0
7019,'1471259',1918,,358,4,,,0
7019,'1471260',1948,,359,4,,,0
