2019,'1474998',628,,907,28,,,0
2019,'1474999',658,,908,28,,,0
2019,'1475000',728,,909,28,,,0
2019,'1475001',758,,910,28,,,0
2019,'1475002',828,,911,28,,,0
2019,'1475003',858,,912,28,,,0
2019,'1475004',928,,913,28,,,0
2019,'1475005',958,,914,28,,,0
2019,'1475006',1028,,915,28,,,0
2019,'1475007',1058,,916,28,,,0
2019,'1475008',1128,,917,28,,,0
2019,'1475009',1158,,918,28,,,0
2019,'1475010',1228,,919,28,,,0
2019,'1475011',1258,,920,28,,,0
2019,'1475012',1328,,921,28,,,0
2019,'1475013',1358,,922,28,,,0
2019,'1475014',1428,,923,28,,,0
2019,'1475015',1458,,924,28,,,0
2019,'1475016',1528,,925,28,,,0
2019,'1475017',1558,,926,28,,,0
2019,'1475018',1628,,927,28,,,0
2019,'1475019',1658,,928,28,,,0
2019,'1475020',1728,,929,28,,,0
2019,'1475021',1758,,930,28,,,0
2019,'1475022',1828,,931,28,,,0
2019,'1475023',1858,,932,28,,,0
2019,'1475024',1928,,933,28,,,0
2019,'1475025',1958,,934,28,,,0
2019,'1475026',2028,,935,28,,,0
2019,'1475027',2058,,936,28,,,0
2019,'1475028',2128,,937,28,,,0
2019,'1475029',2158,,938,28,,,0
2019,'1475030',2228,,939,28,,,0
2019,'1475031',858,,940,28,,,0
2019,'1475032',928,,941,28,,,0
2019,'1475033',958,,942,28,,,0
2019,'1475034',1028,,943,28,,,0
2019,'1475035',1058,,944,28,,,0
2019,'1475036',1128,,945,28,,,0
2019,'1475037',1158,,946,28,,,0
2019,'1475038',1228,,947,28,,,0
2019,'1475039',1258,,948,28,,,0
2019,'1475040',1328,,949,28,,,0
2019,'1475041',1358,,950,28,,,0
2019,'1475042',1428,,951,28,,,0
2019,'1475043',1458,,952,28,,,0
2019,'1475044',1528,,953,28,,,0
2019,'1475045',1558,,954,28,,,0
2019,'1475046',1628,,955,28,,,0
2019,'1475047',1658,,956,28,,,0
2019,'1475048',1728,,957,28,,,0
2019,'1475049',1758,,958,28,,,0
2019,'1475050',1828,,959,28,,,0
2019,'1475051',1858,,960,28,,,0
2019,'1475052',1928,,961,28,,,0
2019,'1475053',1958,,962,28,,,0
