4019,'1450170',1251,,1021,8,,,0
4019,'1450248',1251,,1022,8,,,0
4019,'1450249',2221,,1023,8,,,0
4019,'1450263',1721,,1024,8,,,0
4019,'1450293',1051,,1025,8,,,0
4019,'1450304',1821,,1026,8,,,0
4019,'1450315',1521,,1027,8,,,0
4019,'1450330',1121,,1028,8,,,0
4019,'1450347',1851,,1029,8,,,0
4019,'1450356',721,,1030,8,,,0
4019,'1450379',1121,,1031,8,,,0
4019,'1450395',621,,1032,8,,,0
4019,'1450412',1851,,1033,8,,,0
4019,'1450461',851,,1034,8,,,0
4019,'1450470',2051,,1035,8,,,0
4019,'1450505',1221,,1036,8,,,0
4019,'1450545',1621,,1037,8,,,0
4019,'1450564',1451,,1038,8,,,0
4019,'1450589',1351,,1039,8,,,0
4019,'1450655',1751,,1040,8,,,0
4019,'1450679',1951,,1041,8,,,0
4019,'1450692',1551,,1042,8,,,0
4019,'1450715',1421,,1043,8,,,0
4019,'1450733',1321,,1044,8,,,0
4019,'1450757',1651,,1045,8,,,0
4019,'1450793',751,,1046,8,,,0
4019,'1450872',1721,,1047,8,,,0
4019,'1450917',821,,1048,8,,,0
4019,'1450918',951,,1049,8,,,0
4019,'1450952',1151,,1050,8,,,0
4019,'1450964',2021,,1051,8,,,0
4019,'1450972',1351,,1052,8,,,0
4019,'1450985',1921,,1053,8,,,0
4019,'1450986',1821,,1054,8,,,0
4019,'1451005',1451,,1055,8,,,0
4019,'1451006',2151,,1056,8,,,0
4019,'1451058',1051,,1057,8,,,0
4019,'1451063',1921,,1058,8,,,0
4019,'1451086',1621,,1059,8,,,0
4019,'1451117',651,,1060,8,,,0
4019,'1451122',1951,,1061,8,,,0
4019,'1451125',1421,,1062,8,,,0
4019,'1451144',1651,,1063,8,,,0
4019,'1451171',951,,1064,8,,,0
4019,'1451240',1221,,1065,8,,,0
4019,'1451247',1321,,1066,8,,,0
4019,'1451281',921,,1067,8,,,0
4019,'1451311',921,,1068,8,,,0
4019,'1451343',1021,,1069,8,,,0
4019,'1451357',1151,,1070,8,,,0
4019,'1451365',1751,,1071,8,,,0
4019,'1451367',1551,,1072,8,,,0
4019,'1451427',2121,,1073,8,,,0
4019,'1451446',1521,,1074,8,,,0
4019,'1451449',1021,,1075,8,,,0
4019,'1451526',851,,1076,8,,,0
7019,'1442614',720,,1077,12,,,0
7019,'1442622',1950,,1078,12,,,0
7019,'1442670',2120,,1079,12,,,0
7019,'1442732',2020,,1080,12,,,0
7019,'1442767',1620,,1081,12,,,0
7019,'1442817',1650,,1082,12,,,0
7019,'1442848',1750,,1083,12,,,0
7019,'1442896',750,,1084,12,,,0
7019,'1442972',1920,,1085,12,,,0
7019,'1443069',1220,,1086,12,,,0
7019,'1443156',620,,1087,12,,,0
7019,'1443162',1350,,1088,12,,,0
7019,'1443179',1420,,1089,12,,,0
7019,'1443229',1250,,1090,12,,,0
7019,'1443345',1820,,1091,12,,,0
7019,'1443404',820,,1092,12,,,0
7019,'1443436',1150,,1093,12,,,0
7019,'1443487',1120,,1094,12,,,0
7019,'1443532',650,,1095,12,,,0
7019,'1443541',920,,1096,12,,,0
7019,'1443550',2220,,1097,12,,,0
7019,'1443573',1550,,1098,12,,,0
7019,'1443663',1020,,1099,12,,,0
7019,'1443697',950,,1100,12,,,0
7019,'1443868',850,,1101,12,,,0
7019,'1443959',1050,,1102,12,,,0
7019,'1443993',1320,,1103,12,,,0
7019,'1444109',1450,,1104,12,,,0
7019,'1444167',2050,,1105,12,,,0
7019,'1444230',1850,,1106,12,,,0
7019,'1444467',1720,,1107,12,,,0
7019,'1444493',1520,,1108,12,,,0
7019,'1444706',2150,,1109,12,,,0
7019,'1471238',855,,337,12,,,0
7019,'1471239',925,,338,12,,,0
7019,'1471240',955,,339,12,,,0
7019,'1471241',1025,,340,12,,,0
7019,'1471242',1055,,341,12,,,0
7019,'1471243',1125,,342,12,,,0
7019,'1471244',1155,,343,12,,,0
7019,'1471245',1225,,344,12,,,0
7019,'1471246',1255,,345,12,,,0
7019,'1471247',1325,,346,12,,,0
7019,'1471248',1355,,347,12,,,0
7019,'1471249',1425,,348,12,,,0
7019,'1471250',1455,,349,12,,,0
7019,'1471251',1525,,350,12,,,0
7019,'1471252',1555,,351,12,,,0
7019,'1471253',1625,,352,12,,,0
7019,'1471254',1655,,353,12,,,0
7019,'1471255',1725,,354,12,,,0
7019,'1471256',1755,,355,12,,,0
7019,'1471257',1825,,356,12,,,0
7019,'1471258',1855,,357,12,,,0
7019,'1471259',1925,,358,12,,,0
7019,'1471260',1955,,359,12,,,0
