2019,'1474998',623,,907,17,,,0
2019,'1474999',653,,908,17,,,0
2019,'1475000',723,,909,17,,,0
2019,'1475001',753,,910,17,,,0
2019,'1475002',823,,911,17,,,0
2019,'1475003',853,,912,17,,,0
2019,'1475004',923,,913,17,,,0
2019,'1475005',953,,914,17,,,0
2019,'1475006',1023,,915,17,,,0
2019,'1475007',1053,,916,17,,,0
2019,'1475008',1123,,917,17,,,0
2019,'1475009',1153,,918,17,,,0
2019,'1475010',1223,,919,17,,,0
2019,'1475011',1253,,920,17,,,0
2019,'1475012',1323,,921,17,,,0
2019,'1475013',1353,,922,17,,,0
2019,'1475014',1423,,923,17,,,0
2019,'1475015',1453,,924,17,,,0
2019,'1475016',1523,,925,17,,,0
2019,'1475017',1553,,926,17,,,0
2019,'1475018',1623,,927,17,,,0
2019,'1475019',1653,,928,17,,,0
2019,'1475020',1723,,929,17,,,0
2019,'1475021',1753,,930,17,,,0
2019,'1475022',1823,,931,17,,,0
2019,'1475023',1853,,932,17,,,0
2019,'1475024',1923,,933,17,,,0
2019,'1475025',1953,,934,17,,,0
2019,'1475026',2023,,935,17,,,0
2019,'1475027',2053,,936,17,,,0
2019,'1475028',2123,,937,17,,,0
2019,'1475029',2153,,938,17,,,0
2019,'1475030',2223,,939,17,,,0
2019,'1475031',853,,940,17,,,0
2019,'1475032',923,,941,17,,,0
2019,'1475033',953,,942,17,,,0
2019,'1475034',1023,,943,17,,,0
2019,'1475035',1053,,944,17,,,0
2019,'1475036',1123,,945,17,,,0
2019,'1475037',1153,,946,17,,,0
2019,'1475038',1223,,947,17,,,0
2019,'1475039',1253,,948,17,,,0
2019,'1475040',1323,,949,17,,,0
2019,'1475041',1353,,950,17,,,0
2019,'1475042',1423,,951,17,,,0
2019,'1475043',1453,,952,17,,,0
2019,'1475044',1523,,953,17,,,0
2019,'1475045',1553,,954,17,,,0
2019,'1475046',1623,,955,17,,,0
2019,'1475047',1653,,956,17,,,0
2019,'1475048',1723,,957,17,,,0
2019,'1475049',1753,,958,17,,,0
2019,'1475050',1823,,959,17,,,0
2019,'1475051',1853,,960,17,,,0
2019,'1475052',1923,,961,17,,,0
2019,'1475053',1953,,962,17,,,0
