4019,'1450170',1310,,1021,29,,,0
4019,'1450248',1310,,1022,29,,,0
4019,'1450249',2240,,1023,29,,,0
4019,'1450263',1740,,1024,29,,,0
4019,'1450293',1110,,1025,29,,,0
4019,'1450304',1840,,1026,29,,,0
4019,'1450315',1540,,1027,29,,,0
4019,'1450330',1140,,1028,29,,,0
4019,'1450347',1910,,1029,29,,,0
4019,'1450356',740,,1030,29,,,0
4019,'1450379',1140,,1031,29,,,0
4019,'1450395',640,,1032,29,,,0
4019,'1450412',1910,,1033,29,,,0
4019,'1450461',910,,1034,29,,,0
4019,'1450470',2110,,1035,29,,,0
4019,'1450505',1240,,1036,29,,,0
4019,'1450545',1640,,1037,29,,,0
4019,'1450564',1510,,1038,29,,,0
4019,'1450589',1410,,1039,29,,,0
4019,'1450655',1810,,1040,29,,,0
4019,'1450679',2010,,1041,29,,,0
4019,'1450692',1610,,1042,29,,,0
4019,'1450715',1440,,1043,29,,,0
4019,'1450733',1340,,1044,29,,,0
4019,'1450757',1710,,1045,29,,,0
4019,'1450793',810,,1046,29,,,0
4019,'1450872',1740,,1047,29,,,0
4019,'1450917',840,,1048,29,,,0
4019,'1450918',1010,,1049,29,,,0
4019,'1450952',1210,,1050,29,,,0
4019,'1450964',2040,,1051,29,,,0
4019,'1450972',1410,,1052,29,,,0
4019,'1450985',1940,,1053,29,,,0
4019,'1450986',1840,,1054,29,,,0
4019,'1451005',1510,,1055,29,,,0
4019,'1451006',2210,,1056,29,,,0
4019,'1451058',1110,,1057,29,,,0
4019,'1451063',1940,,1058,29,,,0
4019,'1451086',1640,,1059,29,,,0
4019,'1451117',710,,1060,29,,,0
4019,'1451122',2010,,1061,29,,,0
4019,'1451125',1440,,1062,29,,,0
4019,'1451144',1710,,1063,29,,,0
4019,'1451171',1010,,1064,29,,,0
4019,'1451240',1240,,1065,29,,,0
4019,'1451247',1340,,1066,29,,,0
4019,'1451281',940,,1067,29,,,0
4019,'1451311',940,,1068,29,,,0
4019,'1451343',1040,,1069,29,,,0
4019,'1451357',1210,,1070,29,,,0
4019,'1451365',1810,,1071,29,,,0
4019,'1451367',1610,,1072,29,,,0
4019,'1451427',2140,,1073,29,,,0
4019,'1451446',1540,,1074,29,,,0
4019,'1451449',1040,,1075,29,,,0
4019,'1451526',910,,1076,29,,,0
