2019,'1474998',626,,907,22,,,0
2019,'1474999',656,,908,22,,,0
2019,'1475000',726,,909,22,,,0
2019,'1475001',756,,910,22,,,0
2019,'1475002',826,,911,22,,,0
2019,'1475003',856,,912,22,,,0
2019,'1475004',926,,913,22,,,0
2019,'1475005',956,,914,22,,,0
2019,'1475006',1026,,915,22,,,0
2019,'1475007',1056,,916,22,,,0
2019,'1475008',1126,,917,22,,,0
2019,'1475009',1156,,918,22,,,0
2019,'1475010',1226,,919,22,,,0
2019,'1475011',1256,,920,22,,,0
2019,'1475012',1326,,921,22,,,0
2019,'1475013',1356,,922,22,,,0
2019,'1475014',1426,,923,22,,,0
2019,'1475015',1456,,924,22,,,0
2019,'1475016',1526,,925,22,,,0
2019,'1475017',1556,,926,22,,,0
2019,'1475018',1626,,927,22,,,0
2019,'1475019',1656,,928,22,,,0
2019,'1475020',1726,,929,22,,,0
2019,'1475021',1756,,930,22,,,0
2019,'1475022',1826,,931,22,,,0
2019,'1475023',1856,,932,22,,,0
2019,'1475024',1926,,933,22,,,0
2019,'1475025',1956,,934,22,,,0
2019,'1475026',2026,,935,22,,,0
2019,'1475027',2056,,936,22,,,0
2019,'1475028',2126,,937,22,,,0
2019,'1475029',2156,,938,22,,,0
2019,'1475030',2226,,939,22,,,0
2019,'1475031',856,,940,22,,,0
2019,'1475032',926,,941,22,,,0
2019,'1475033',956,,942,22,,,0
2019,'1475034',1026,,943,22,,,0
2019,'1475035',1056,,944,22,,,0
2019,'1475036',1126,,945,22,,,0
2019,'1475037',1156,,946,22,,,0
2019,'1475038',1226,,947,22,,,0
2019,'1475039',1256,,948,22,,,0
2019,'1475040',1326,,949,22,,,0
2019,'1475041',1356,,950,22,,,0
2019,'1475042',1426,,951,22,,,0
2019,'1475043',1456,,952,22,,,0
2019,'1475044',1526,,953,22,,,0
2019,'1475045',1556,,954,22,,,0
2019,'1475046',1626,,955,22,,,0
2019,'1475047',1656,,956,22,,,0
2019,'1475048',1726,,957,22,,,0
2019,'1475049',1756,,958,22,,,0
2019,'1475050',1826,,959,22,,,0
2019,'1475051',1856,,960,22,,,0
2019,'1475052',1926,,961,22,,,0
2019,'1475053',1956,,962,22,,,0
