7019,'1442614',719,,1077,10,,,0
7019,'1442622',1949,,1078,10,,,0
7019,'1442670',2119,,1079,10,,,0
7019,'1442732',2019,,1080,10,,,0
7019,'1442767',1619,,1081,10,,,0
7019,'1442817',1649,,1082,10,,,0
7019,'1442848',1749,,1083,10,,,0
7019,'1442896',749,,1084,10,,,0
7019,'1442972',1919,,1085,10,,,0
7019,'1443069',1219,,1086,10,,,0
7019,'1443156',619,,1087,10,,,0
7019,'1443162',1349,,1088,10,,,0
7019,'1443179',1419,,1089,10,,,0
7019,'1443229',1249,,1090,10,,,0
7019,'1443345',1819,,1091,10,,,0
7019,'1443404',819,,1092,10,,,0
7019,'1443436',1149,,1093,10,,,0
7019,'1443487',1119,,1094,10,,,0
7019,'1443532',649,,1095,10,,,0
7019,'1443541',919,,1096,10,,,0
7019,'1443550',2219,,1097,10,,,0
7019,'1443573',1549,,1098,10,,,0
7019,'1443663',1019,,1099,10,,,0
7019,'1443697',949,,1100,10,,,0
7019,'1443868',849,,1101,10,,,0
7019,'1443959',1049,,1102,10,,,0
7019,'1443993',1319,,1103,10,,,0
7019,'1444109',1449,,1104,10,,,0
7019,'1444167',2049,,1105,10,,,0
7019,'1444230',1849,,1106,10,,,0
7019,'1444467',1719,,1107,10,,,0
7019,'1444493',1519,,1108,10,,,0
7019,'1444706',2149,,1109,10,,,0
7019,'1471238',854,,337,10,,,0
7019,'1471239',924,,338,10,,,0
7019,'1471240',954,,339,10,,,0
7019,'1471241',1024,,340,10,,,0
7019,'1471242',1054,,341,10,,,0
7019,'1471243',1124,,342,10,,,0
7019,'1471244',1154,,343,10,,,0
7019,'1471245',1224,,344,10,,,0
7019,'1471246',1254,,345,10,,,0
7019,'1471247',1324,,346,10,,,0
7019,'1471248',1354,,347,10,,,0
7019,'1471249',1424,,348,10,,,0
7019,'1471250',1454,,349,10,,,0
7019,'1471251',1524,,350,10,,,0
7019,'1471252',1554,,351,10,,,0
7019,'1471253',1624,,352,10,,,0
7019,'1471254',1654,,353,10,,,0
7019,'1471255',1724,,354,10,,,0
7019,'1471256',1754,,355,10,,,0
7019,'1471257',1824,,356,10,,,0
7019,'1471258',1854,,357,10,,,0
7019,'1471259',1924,,358,10,,,0
7019,'1471260',1954,,359,10,,,0
