4019,'1474077',643,,965,35,,,0
4019,'1474078',713,,966,35,,,0
4019,'1474079',743,,967,35,,,0
4019,'1474080',813,,968,35,,,0
4019,'1474081',843,,969,35,,,0
4019,'1474082',913,,970,35,,,0
4019,'1474083',943,,971,35,,,0
4019,'1474084',1013,,972,35,,,0
4019,'1474085',1043,,973,35,,,0
4019,'1474086',1113,,974,35,,,0
4019,'1474087',1143,,975,35,,,0
4019,'1474088',1213,,976,35,,,0
4019,'1474089',1243,,977,35,,,0
4019,'1474090',1313,,978,35,,,0
4019,'1474091',1343,,979,35,,,0
4019,'1474092',1413,,980,35,,,0
4019,'1474093',1443,,981,35,,,0
4019,'1474094',1513,,982,35,,,0
4019,'1474095',1543,,983,35,,,0
4019,'1474096',1613,,984,35,,,0
4019,'1474097',1643,,985,35,,,0
4019,'1474098',1713,,986,35,,,0
4019,'1474099',1743,,987,35,,,0
4019,'1474100',1813,,988,35,,,0
4019,'1474101',1843,,989,35,,,0
4019,'1474102',1913,,990,35,,,0
4019,'1474103',1943,,991,35,,,0
4019,'1474104',2013,,992,35,,,0
4019,'1474105',2043,,993,35,,,0
4019,'1474106',2113,,994,35,,,0
4019,'1474107',2143,,995,35,,,0
4019,'1474108',2213,,996,35,,,0
4019,'1474109',2243,,997,35,,,0
4019,'1474110',913,,998,35,,,0
4019,'1474111',943,,999,35,,,0
4019,'1474112',1013,,1000,35,,,0
4019,'1474113',1043,,1001,35,,,0
4019,'1474114',1113,,1002,35,,,0
4019,'1474115',1143,,1003,35,,,0
4019,'1474116',1213,,1004,35,,,0
4019,'1474117',1243,,1005,35,,,0
4019,'1474118',1313,,1006,35,,,0
4019,'1474119',1343,,1007,35,,,0
4019,'1474120',1413,,1008,35,,,0
4019,'1474121',1443,,1009,35,,,0
4019,'1474122',1513,,1010,35,,,0
4019,'1474123',1543,,1011,35,,,0
4019,'1474124',1613,,1012,35,,,0
4019,'1474125',1643,,1013,35,,,0
4019,'1474126',1713,,1014,35,,,0
4019,'1474127',1743,,1015,35,,,0
4019,'1474128',1813,,1016,35,,,0
4019,'1474129',1843,,1017,35,,,0
4019,'1474130',1913,,1018,35,,,0
4019,'1474131',1943,,1019,35,,,0
4019,'1474132',2013,,1020,35,,,0
