3019,'1442631',1132,,706,28,,,0
3019,'1442675',1432,,707,28,,,0
3019,'1442733',1132,,708,28,,,0
3019,'1442752',2032,,709,28,,,0
3019,'1443103',1832,,710,28,,,0
3019,'1443204',1032,,711,28,,,0
3019,'1443220',1532,,712,28,,,0
3019,'1443234',2232,,713,28,,,0
3019,'1443313',1932,,714,28,,,0
3019,'1443385',1232,,715,28,,,0
3019,'1443475',1732,,716,28,,,0
3019,'1443501',1632,,717,28,,,0
3019,'1443646',632,,718,28,,,0
3019,'1443682',1332,,719,28,,,0
3019,'1443691',1732,,720,28,,,0
3019,'1443873',1932,,721,28,,,0
3019,'1443914',1332,,722,28,,,0
3019,'1443932',1032,,723,28,,,0
3019,'1444023',1432,,724,28,,,0
3019,'1444126',1832,,725,28,,,0
3019,'1444142',932,,726,28,,,0
3019,'1444180',932,,727,28,,,0
3019,'1444241',1632,,728,28,,,0
3019,'1444339',2132,,729,28,,,0
3019,'1444435',1532,,730,28,,,0
3019,'1444530',832,,731,28,,,0
3019,'1444556',1232,,732,28,,,0
3019,'1444662',732,,733,28,,,0
7019,'1471238',911,,337,25,,,0
7019,'1471239',941,,338,25,,,0
7019,'1471240',1011,,339,25,,,0
7019,'1471241',1041,,340,25,,,0
7019,'1471242',1111,,341,25,,,0
7019,'1471243',1141,,342,25,,,0
7019,'1471244',1211,,343,25,,,0
7019,'1471245',1241,,344,25,,,0
7019,'1471246',1311,,345,25,,,0
7019,'1471247',1341,,346,25,,,0
7019,'1471248',1411,,347,25,,,0
7019,'1471249',1441,,348,25,,,0
7019,'1471250',1511,,349,25,,,0
7019,'1471251',1541,,350,25,,,0
7019,'1471252',1611,,351,25,,,0
7019,'1471253',1641,,352,25,,,0
7019,'1471254',1711,,353,25,,,0
7019,'1471255',1741,,354,25,,,0
7019,'1471256',1811,,355,25,,,0
7019,'1471257',1841,,356,25,,,0
7019,'1471258',1911,,357,25,,,0
7019,'1471259',1941,,358,25,,,0
7019,'1471260',2011,,359,25,,,0
7019,'1480384',641,,873,25,,,0
7019,'1480385',711,,874,25,,,0
7019,'1480386',741,,875,25,,,0
7019,'1480387',811,,876,25,,,0
7019,'1480388',841,,877,25,,,0
7019,'1480389',911,,878,25,,,0
7019,'1480390',941,,879,25,,,0
7019,'1480391',1011,,880,25,,,0
7019,'1480392',1041,,881,25,,,0
7019,'1480393',1111,,882,25,,,0
7019,'1480394',1141,,883,25,,,0
7019,'1480395',1211,,884,25,,,0
7019,'1480396',1241,,885,25,,,0
7019,'1480397',1311,,886,25,,,0
7019,'1480398',1341,,887,25,,,0
7019,'1480399',1411,,888,25,,,0
7019,'1480400',1441,,889,25,,,0
7019,'1480401',1511,,890,25,,,0
7019,'1480402',1541,,891,25,,,0
7019,'1480403',1611,,892,25,,,0
7019,'1480404',1641,,893,25,,,0
7019,'1480405',1711,,894,25,,,0
7019,'1480406',1741,,895,25,,,0
7019,'1480407',1811,,896,25,,,0
7019,'1480408',1841,,897,25,,,0
7019,'1480409',1911,,898,25,,,0
7019,'1480410',1941,,899,25,,,0
7019,'1480411',2011,,900,25,,,0
7019,'1480412',2041,,901,25,,,0
7019,'1480413',2111,,902,25,,,0
7019,'1480414',2141,,903,25,,,0
7019,'1480415',2211,,904,25,,,0
7019,'1480416',2241,,905,25,,,0
