7019,'1442614',719,,1077,8,,,0
7019,'1442622',1949,,1078,8,,,0
7019,'1442670',2119,,1079,8,,,0
7019,'1442732',2019,,1080,8,,,0
7019,'1442767',1619,,1081,8,,,0
7019,'1442817',1649,,1082,8,,,0
7019,'1442848',1749,,1083,8,,,0
7019,'1442896',749,,1084,8,,,0
7019,'1442972',1919,,1085,8,,,0
7019,'1443069',1219,,1086,8,,,0
7019,'1443156',619,,1087,8,,,0
7019,'1443162',1349,,1088,8,,,0
7019,'1443179',1419,,1089,8,,,0
7019,'1443229',1249,,1090,8,,,0
7019,'1443345',1819,,1091,8,,,0
7019,'1443404',819,,1092,8,,,0
7019,'1443436',1149,,1093,8,,,0
7019,'1443487',1119,,1094,8,,,0
7019,'1443532',649,,1095,8,,,0
7019,'1443541',919,,1096,8,,,0
7019,'1443550',2219,,1097,8,,,0
7019,'1443573',1549,,1098,8,,,0
7019,'1443663',1019,,1099,8,,,0
7019,'1443697',949,,1100,8,,,0
7019,'1443868',849,,1101,8,,,0
7019,'1443959',1049,,1102,8,,,0
7019,'1443993',1319,,1103,8,,,0
7019,'1444109',1449,,1104,8,,,0
7019,'1444167',2049,,1105,8,,,0
7019,'1444230',1849,,1106,8,,,0
7019,'1444467',1719,,1107,8,,,0
7019,'1444493',1519,,1108,8,,,0
7019,'1444706',2149,,1109,8,,,0
7019,'1471238',853,,337,8,,,0
7019,'1471239',923,,338,8,,,0
7019,'1471240',953,,339,8,,,0
7019,'1471241',1023,,340,8,,,0
7019,'1471242',1053,,341,8,,,0
7019,'1471243',1123,,342,8,,,0
7019,'1471244',1153,,343,8,,,0
7019,'1471245',1223,,344,8,,,0
7019,'1471246',1253,,345,8,,,0
7019,'1471247',1323,,346,8,,,0
7019,'1471248',1353,,347,8,,,0
7019,'1471249',1423,,348,8,,,0
7019,'1471250',1453,,349,8,,,0
7019,'1471251',1523,,350,8,,,0
7019,'1471252',1553,,351,8,,,0
7019,'1471253',1623,,352,8,,,0
7019,'1471254',1653,,353,8,,,0
7019,'1471255',1723,,354,8,,,0
7019,'1471256',1753,,355,8,,,0
7019,'1471257',1823,,356,8,,,0
7019,'1471258',1853,,357,8,,,0
7019,'1471259',1923,,358,8,,,0
7019,'1471260',1953,,359,8,,,0
