2019,'1474998',633,,907,36,,,0
2019,'1474999',703,,908,36,,,0
2019,'1475000',733,,909,36,,,0
2019,'1475001',803,,910,36,,,0
2019,'1475002',833,,911,36,,,0
2019,'1475003',903,,912,36,,,0
2019,'1475004',933,,913,36,,,0
2019,'1475005',1003,,914,36,,,0
2019,'1475006',1033,,915,36,,,0
2019,'1475007',1103,,916,36,,,0
2019,'1475008',1133,,917,36,,,0
2019,'1475009',1203,,918,36,,,0
2019,'1475010',1233,,919,36,,,0
2019,'1475011',1303,,920,36,,,0
2019,'1475012',1333,,921,36,,,0
2019,'1475013',1403,,922,36,,,0
2019,'1475014',1433,,923,36,,,0
2019,'1475015',1503,,924,36,,,0
2019,'1475016',1533,,925,36,,,0
2019,'1475017',1603,,926,36,,,0
2019,'1475018',1633,,927,36,,,0
2019,'1475019',1703,,928,36,,,0
2019,'1475020',1733,,929,36,,,0
2019,'1475021',1803,,930,36,,,0
2019,'1475022',1833,,931,36,,,0
2019,'1475023',1903,,932,36,,,0
2019,'1475024',1933,,933,36,,,0
2019,'1475025',2003,,934,36,,,0
2019,'1475026',2033,,935,36,,,0
2019,'1475027',2103,,936,36,,,0
2019,'1475028',2133,,937,36,,,0
2019,'1475029',2203,,938,36,,,0
2019,'1475030',2233,,939,36,,,0
2019,'1475031',903,,940,36,,,0
2019,'1475032',933,,941,36,,,0
2019,'1475033',1003,,942,36,,,0
2019,'1475034',1033,,943,36,,,0
2019,'1475035',1103,,944,36,,,0
2019,'1475036',1133,,945,36,,,0
2019,'1475037',1203,,946,36,,,0
2019,'1475038',1233,,947,36,,,0
2019,'1475039',1303,,948,36,,,0
2019,'1475040',1333,,949,36,,,0
2019,'1475041',1403,,950,36,,,0
2019,'1475042',1433,,951,36,,,0
2019,'1475043',1503,,952,36,,,0
2019,'1475044',1533,,953,36,,,0
2019,'1475045',1603,,954,36,,,0
2019,'1475046',1633,,955,36,,,0
2019,'1475047',1703,,956,36,,,0
2019,'1475048',1733,,957,36,,,0
2019,'1475049',1803,,958,36,,,0
2019,'1475050',1833,,959,36,,,0
2019,'1475051',1903,,960,36,,,0
2019,'1475052',1933,,961,36,,,0
2019,'1475053',2003,,962,36,,,0
