7019,'1442614',731,,1077,21,,,0
7019,'1442622',2001,,1078,21,,,0
7019,'1442670',2131,,1079,21,,,0
7019,'1442732',2031,,1080,21,,,0
7019,'1442767',1631,,1081,21,,,0
7019,'1442817',1701,,1082,21,,,0
7019,'1442848',1801,,1083,21,,,0
7019,'1442896',801,,1084,21,,,0
7019,'1442972',1931,,1085,21,,,0
7019,'1443069',1231,,1086,21,,,0
7019,'1443156',631,,1087,21,,,0
7019,'1443162',1401,,1088,21,,,0
7019,'1443179',1431,,1089,21,,,0
7019,'1443229',1301,,1090,21,,,0
7019,'1443345',1831,,1091,21,,,0
7019,'1443404',831,,1092,21,,,0
7019,'1443436',1201,,1093,21,,,0
7019,'1443487',1131,,1094,21,,,0
7019,'1443532',701,,1095,21,,,0
7019,'1443541',931,,1096,21,,,0
7019,'1443550',2231,,1097,21,,,0
7019,'1443573',1601,,1098,21,,,0
7019,'1443663',1031,,1099,21,,,0
7019,'1443697',1001,,1100,21,,,0
7019,'1443868',901,,1101,21,,,0
7019,'1443959',1101,,1102,21,,,0
7019,'1443993',1331,,1103,21,,,0
7019,'1444109',1501,,1104,21,,,0
7019,'1444167',2101,,1105,21,,,0
7019,'1444230',1901,,1106,21,,,0
7019,'1444467',1731,,1107,21,,,0
7019,'1444493',1531,,1108,21,,,0
7019,'1444706',2201,,1109,21,,,0
7019,'1471238',903,,337,21,,,0
7019,'1471239',933,,338,21,,,0
7019,'1471240',1003,,339,21,,,0
7019,'1471241',1033,,340,21,,,0
7019,'1471242',1103,,341,21,,,0
7019,'1471243',1133,,342,21,,,0
7019,'1471244',1203,,343,21,,,0
7019,'1471245',1233,,344,21,,,0
7019,'1471246',1303,,345,21,,,0
7019,'1471247',1333,,346,21,,,0
7019,'1471248',1403,,347,21,,,0
7019,'1471249',1433,,348,21,,,0
7019,'1471250',1503,,349,21,,,0
7019,'1471251',1533,,350,21,,,0
7019,'1471252',1603,,351,21,,,0
7019,'1471253',1633,,352,21,,,0
7019,'1471254',1703,,353,21,,,0
7019,'1471255',1733,,354,21,,,0
7019,'1471256',1803,,355,21,,,0
7019,'1471257',1833,,356,21,,,0
7019,'1471258',1903,,357,21,,,0
7019,'1471259',1933,,358,21,,,0
7019,'1471260',2003,,359,21,,,0
