4019,'1450170',1247,,1021,5,,,0
4019,'1450248',1247,,1022,5,,,0
4019,'1450249',2217,,1023,5,,,0
4019,'1450263',1717,,1024,5,,,0
4019,'1450293',1047,,1025,5,,,0
4019,'1450304',1817,,1026,5,,,0
4019,'1450315',1517,,1027,5,,,0
4019,'1450330',1117,,1028,5,,,0
4019,'1450347',1847,,1029,5,,,0
4019,'1450356',717,,1030,5,,,0
4019,'1450379',1117,,1031,5,,,0
4019,'1450395',617,,1032,5,,,0
4019,'1450412',1847,,1033,5,,,0
4019,'1450461',847,,1034,5,,,0
4019,'1450470',2047,,1035,5,,,0
4019,'1450505',1217,,1036,5,,,0
4019,'1450545',1617,,1037,5,,,0
4019,'1450564',1447,,1038,5,,,0
4019,'1450589',1347,,1039,5,,,0
4019,'1450655',1747,,1040,5,,,0
4019,'1450679',1947,,1041,5,,,0
4019,'1450692',1547,,1042,5,,,0
4019,'1450715',1417,,1043,5,,,0
4019,'1450733',1317,,1044,5,,,0
4019,'1450757',1647,,1045,5,,,0
4019,'1450793',747,,1046,5,,,0
4019,'1450872',1717,,1047,5,,,0
4019,'1450917',817,,1048,5,,,0
4019,'1450918',947,,1049,5,,,0
4019,'1450952',1147,,1050,5,,,0
4019,'1450964',2017,,1051,5,,,0
4019,'1450972',1347,,1052,5,,,0
4019,'1450985',1917,,1053,5,,,0
4019,'1450986',1817,,1054,5,,,0
4019,'1451005',1447,,1055,5,,,0
4019,'1451006',2147,,1056,5,,,0
4019,'1451058',1047,,1057,5,,,0
4019,'1451063',1917,,1058,5,,,0
4019,'1451086',1617,,1059,5,,,0
4019,'1451117',647,,1060,5,,,0
4019,'1451122',1947,,1061,5,,,0
4019,'1451125',1417,,1062,5,,,0
4019,'1451144',1647,,1063,5,,,0
4019,'1451171',947,,1064,5,,,0
4019,'1451240',1217,,1065,5,,,0
4019,'1451247',1317,,1066,5,,,0
4019,'1451281',917,,1067,5,,,0
4019,'1451311',917,,1068,5,,,0
4019,'1451343',1017,,1069,5,,,0
4019,'1451357',1147,,1070,5,,,0
4019,'1451365',1747,,1071,5,,,0
4019,'1451367',1547,,1072,5,,,0
4019,'1451427',2117,,1073,5,,,0
4019,'1451446',1517,,1074,5,,,0
4019,'1451449',1017,,1075,5,,,0
4019,'1451526',847,,1076,5,,,0
7019,'1442614',716,,1077,5,,,0
7019,'1442622',1946,,1078,5,,,0
7019,'1442670',2116,,1079,5,,,0
7019,'1442732',2016,,1080,5,,,0
7019,'1442767',1616,,1081,5,,,0
7019,'1442817',1646,,1082,5,,,0
7019,'1442848',1746,,1083,5,,,0
7019,'1442896',746,,1084,5,,,0
7019,'1442972',1916,,1085,5,,,0
7019,'1443069',1216,,1086,5,,,0
7019,'1443156',616,,1087,5,,,0
7019,'1443162',1346,,1088,5,,,0
7019,'1443179',1416,,1089,5,,,0
7019,'1443229',1246,,1090,5,,,0
7019,'1443345',1816,,1091,5,,,0
7019,'1443404',816,,1092,5,,,0
7019,'1443436',1146,,1093,5,,,0
7019,'1443487',1116,,1094,5,,,0
7019,'1443532',646,,1095,5,,,0
7019,'1443541',916,,1096,5,,,0
7019,'1443550',2216,,1097,5,,,0
7019,'1443573',1546,,1098,5,,,0
7019,'1443663',1016,,1099,5,,,0
7019,'1443697',946,,1100,5,,,0
7019,'1443868',846,,1101,5,,,0
7019,'1443959',1046,,1102,5,,,0
7019,'1443993',1316,,1103,5,,,0
7019,'1444109',1446,,1104,5,,,0
7019,'1444167',2046,,1105,5,,,0
7019,'1444230',1846,,1106,5,,,0
7019,'1444467',1716,,1107,5,,,0
7019,'1444493',1516,,1108,5,,,0
7019,'1444706',2146,,1109,5,,,0
7019,'1471238',849,,337,5,,,0
7019,'1471239',919,,338,5,,,0
7019,'1471240',949,,339,5,,,0
7019,'1471241',1019,,340,5,,,0
7019,'1471242',1049,,341,5,,,0
7019,'1471243',1119,,342,5,,,0
7019,'1471244',1149,,343,5,,,0
7019,'1471245',1219,,344,5,,,0
7019,'1471246',1249,,345,5,,,0
7019,'1471247',1319,,346,5,,,0
7019,'1471248',1349,,347,5,,,0
7019,'1471249',1419,,348,5,,,0
7019,'1471250',1449,,349,5,,,0
7019,'1471251',1519,,350,5,,,0
7019,'1471252',1549,,351,5,,,0
7019,'1471253',1619,,352,5,,,0
7019,'1471254',1649,,353,5,,,0
7019,'1471255',1719,,354,5,,,0
7019,'1471256',1749,,355,5,,,0
7019,'1471257',1819,,356,5,,,0
7019,'1471258',1849,,357,5,,,0
7019,'1471259',1919,,358,5,,,0
7019,'1471260',1949,,359,5,,,0
