2019,'1474998',641,,907,42,,,0
2019,'1474999',711,,908,42,,,0
2019,'1475000',741,,909,42,,,0
2019,'1475001',811,,910,42,,,0
2019,'1475002',841,,911,42,,,0
2019,'1475003',911,,912,42,,,0
2019,'1475004',941,,913,42,,,0
2019,'1475005',1011,,914,42,,,0
2019,'1475006',1041,,915,42,,,0
2019,'1475007',1111,,916,42,,,0
2019,'1475008',1141,,917,42,,,0
2019,'1475009',1211,,918,42,,,0
2019,'1475010',1241,,919,42,,,0
2019,'1475011',1311,,920,42,,,0
2019,'1475012',1341,,921,42,,,0
2019,'1475013',1411,,922,42,,,0
2019,'1475014',1441,,923,42,,,0
2019,'1475015',1511,,924,42,,,0
2019,'1475016',1541,,925,42,,,0
2019,'1475017',1611,,926,42,,,0
2019,'1475018',1641,,927,42,,,0
2019,'1475019',1711,,928,42,,,0
2019,'1475020',1741,,929,42,,,0
2019,'1475021',1811,,930,42,,,0
2019,'1475022',1841,,931,42,,,0
2019,'1475023',1911,,932,42,,,0
2019,'1475024',1941,,933,42,,,0
2019,'1475025',2011,,934,42,,,0
2019,'1475026',2041,,935,42,,,0
2019,'1475027',2111,,936,42,,,0
2019,'1475028',2141,,937,42,,,0
2019,'1475029',2211,,938,42,,,0
2019,'1475030',2241,,939,42,,,0
2019,'1475031',911,,940,42,,,0
2019,'1475032',941,,941,42,,,0
2019,'1475033',1011,,942,42,,,0
2019,'1475034',1041,,943,42,,,0
2019,'1475035',1111,,944,42,,,0
2019,'1475036',1141,,945,42,,,0
2019,'1475037',1211,,946,42,,,0
2019,'1475038',1241,,947,42,,,0
2019,'1475039',1311,,948,42,,,0
2019,'1475040',1341,,949,42,,,0
2019,'1475041',1411,,950,42,,,0
2019,'1475042',1441,,951,42,,,0
2019,'1475043',1511,,952,42,,,0
2019,'1475044',1541,,953,42,,,0
2019,'1475045',1611,,954,42,,,0
2019,'1475046',1641,,955,42,,,0
2019,'1475047',1711,,956,42,,,0
2019,'1475048',1741,,957,42,,,0
2019,'1475049',1811,,958,42,,,0
2019,'1475050',1841,,959,42,,,0
2019,'1475051',1911,,960,42,,,0
2019,'1475052',1941,,961,42,,,0
2019,'1475053',2011,,962,42,,,0
