4019,'1450170',1307,,1021,28,,,0
4019,'1450248',1307,,1022,28,,,0
4019,'1450249',2237,,1023,28,,,0
4019,'1450263',1737,,1024,28,,,0
4019,'1450293',1107,,1025,28,,,0
4019,'1450304',1837,,1026,28,,,0
4019,'1450315',1537,,1027,28,,,0
4019,'1450330',1137,,1028,28,,,0
4019,'1450347',1907,,1029,28,,,0
4019,'1450356',737,,1030,28,,,0
4019,'1450379',1137,,1031,28,,,0
4019,'1450395',637,,1032,28,,,0
4019,'1450412',1907,,1033,28,,,0
4019,'1450461',907,,1034,28,,,0
4019,'1450470',2107,,1035,28,,,0
4019,'1450505',1237,,1036,28,,,0
4019,'1450545',1637,,1037,28,,,0
4019,'1450564',1507,,1038,28,,,0
4019,'1450589',1407,,1039,28,,,0
4019,'1450655',1807,,1040,28,,,0
4019,'1450679',2007,,1041,28,,,0
4019,'1450692',1607,,1042,28,,,0
4019,'1450715',1437,,1043,28,,,0
4019,'1450733',1337,,1044,28,,,0
4019,'1450757',1707,,1045,28,,,0
4019,'1450793',807,,1046,28,,,0
4019,'1450872',1737,,1047,28,,,0
4019,'1450917',837,,1048,28,,,0
4019,'1450918',1007,,1049,28,,,0
4019,'1450952',1207,,1050,28,,,0
4019,'1450964',2037,,1051,28,,,0
4019,'1450972',1407,,1052,28,,,0
4019,'1450985',1937,,1053,28,,,0
4019,'1450986',1837,,1054,28,,,0
4019,'1451005',1507,,1055,28,,,0
4019,'1451006',2207,,1056,28,,,0
4019,'1451058',1107,,1057,28,,,0
4019,'1451063',1937,,1058,28,,,0
4019,'1451086',1637,,1059,28,,,0
4019,'1451117',707,,1060,28,,,0
4019,'1451122',2007,,1061,28,,,0
4019,'1451125',1437,,1062,28,,,0
4019,'1451144',1707,,1063,28,,,0
4019,'1451171',1007,,1064,28,,,0
4019,'1451240',1237,,1065,28,,,0
4019,'1451247',1337,,1066,28,,,0
4019,'1451281',937,,1067,28,,,0
4019,'1451311',937,,1068,28,,,0
4019,'1451343',1037,,1069,28,,,0
4019,'1451357',1207,,1070,28,,,0
4019,'1451365',1807,,1071,28,,,0
4019,'1451367',1607,,1072,28,,,0
4019,'1451427',2137,,1073,28,,,0
4019,'1451446',1537,,1074,28,,,0
4019,'1451449',1037,,1075,28,,,0
4019,'1451526',907,,1076,28,,,0
