2019,'1474998',622,,907,11,,,0
2019,'1474999',652,,908,11,,,0
2019,'1475000',722,,909,11,,,0
2019,'1475001',752,,910,11,,,0
2019,'1475002',822,,911,11,,,0
2019,'1475003',852,,912,11,,,0
2019,'1475004',922,,913,11,,,0
2019,'1475005',952,,914,11,,,0
2019,'1475006',1022,,915,11,,,0
2019,'1475007',1052,,916,11,,,0
2019,'1475008',1122,,917,11,,,0
2019,'1475009',1152,,918,11,,,0
2019,'1475010',1222,,919,11,,,0
2019,'1475011',1252,,920,11,,,0
2019,'1475012',1322,,921,11,,,0
2019,'1475013',1352,,922,11,,,0
2019,'1475014',1422,,923,11,,,0
2019,'1475015',1452,,924,11,,,0
2019,'1475016',1522,,925,11,,,0
2019,'1475017',1552,,926,11,,,0
2019,'1475018',1622,,927,11,,,0
2019,'1475019',1652,,928,11,,,0
2019,'1475020',1722,,929,11,,,0
2019,'1475021',1752,,930,11,,,0
2019,'1475022',1822,,931,11,,,0
2019,'1475023',1852,,932,11,,,0
2019,'1475024',1922,,933,11,,,0
2019,'1475025',1952,,934,11,,,0
2019,'1475026',2022,,935,11,,,0
2019,'1475027',2052,,936,11,,,0
2019,'1475028',2122,,937,11,,,0
2019,'1475029',2152,,938,11,,,0
2019,'1475030',2222,,939,11,,,0
2019,'1475031',852,,940,11,,,0
2019,'1475032',922,,941,11,,,0
2019,'1475033',952,,942,11,,,0
2019,'1475034',1022,,943,11,,,0
2019,'1475035',1052,,944,11,,,0
2019,'1475036',1122,,945,11,,,0
2019,'1475037',1152,,946,11,,,0
2019,'1475038',1222,,947,11,,,0
2019,'1475039',1252,,948,11,,,0
2019,'1475040',1322,,949,11,,,0
2019,'1475041',1352,,950,11,,,0
2019,'1475042',1422,,951,11,,,0
2019,'1475043',1452,,952,11,,,0
2019,'1475044',1522,,953,11,,,0
2019,'1475045',1552,,954,11,,,0
2019,'1475046',1622,,955,11,,,0
2019,'1475047',1652,,956,11,,,0
2019,'1475048',1722,,957,11,,,0
2019,'1475049',1752,,958,11,,,0
2019,'1475050',1822,,959,11,,,0
2019,'1475051',1852,,960,11,,,0
2019,'1475052',1922,,961,11,,,0
2019,'1475053',1952,,962,11,,,0
