2019,'1474998',627,,907,26,,,0
2019,'1474999',657,,908,26,,,0
2019,'1475000',727,,909,26,,,0
2019,'1475001',757,,910,26,,,0
2019,'1475002',827,,911,26,,,0
2019,'1475003',857,,912,26,,,0
2019,'1475004',927,,913,26,,,0
2019,'1475005',957,,914,26,,,0
2019,'1475006',1027,,915,26,,,0
2019,'1475007',1057,,916,26,,,0
2019,'1475008',1127,,917,26,,,0
2019,'1475009',1157,,918,26,,,0
2019,'1475010',1227,,919,26,,,0
2019,'1475011',1257,,920,26,,,0
2019,'1475012',1327,,921,26,,,0
2019,'1475013',1357,,922,26,,,0
2019,'1475014',1427,,923,26,,,0
2019,'1475015',1457,,924,26,,,0
2019,'1475016',1527,,925,26,,,0
2019,'1475017',1557,,926,26,,,0
2019,'1475018',1627,,927,26,,,0
2019,'1475019',1657,,928,26,,,0
2019,'1475020',1727,,929,26,,,0
2019,'1475021',1757,,930,26,,,0
2019,'1475022',1827,,931,26,,,0
2019,'1475023',1857,,932,26,,,0
2019,'1475024',1927,,933,26,,,0
2019,'1475025',1957,,934,26,,,0
2019,'1475026',2027,,935,26,,,0
2019,'1475027',2057,,936,26,,,0
2019,'1475028',2127,,937,26,,,0
2019,'1475029',2157,,938,26,,,0
2019,'1475030',2227,,939,26,,,0
2019,'1475031',857,,940,26,,,0
2019,'1475032',927,,941,26,,,0
2019,'1475033',957,,942,26,,,0
2019,'1475034',1027,,943,26,,,0
2019,'1475035',1057,,944,26,,,0
2019,'1475036',1127,,945,26,,,0
2019,'1475037',1157,,946,26,,,0
2019,'1475038',1227,,947,26,,,0
2019,'1475039',1257,,948,26,,,0
2019,'1475040',1327,,949,26,,,0
2019,'1475041',1357,,950,26,,,0
2019,'1475042',1427,,951,26,,,0
2019,'1475043',1457,,952,26,,,0
2019,'1475044',1527,,953,26,,,0
2019,'1475045',1557,,954,26,,,0
2019,'1475046',1627,,955,26,,,0
2019,'1475047',1657,,956,26,,,0
2019,'1475048',1727,,957,26,,,0
2019,'1475049',1757,,958,26,,,0
2019,'1475050',1827,,959,26,,,0
2019,'1475051',1857,,960,26,,,0
2019,'1475052',1927,,961,26,,,0
2019,'1475053',1957,,962,26,,,0
