4019,'1450170',1304,,1021,25,,,0
4019,'1450248',1304,,1022,25,,,0
4019,'1450249',2234,,1023,25,,,0
4019,'1450263',1734,,1024,25,,,0
4019,'1450293',1104,,1025,25,,,0
4019,'1450304',1834,,1026,25,,,0
4019,'1450315',1534,,1027,25,,,0
4019,'1450330',1134,,1028,25,,,0
4019,'1450347',1904,,1029,25,,,0
4019,'1450356',734,,1030,25,,,0
4019,'1450379',1134,,1031,25,,,0
4019,'1450395',634,,1032,25,,,0
4019,'1450412',1904,,1033,25,,,0
4019,'1450461',904,,1034,25,,,0
4019,'1450470',2104,,1035,25,,,0
4019,'1450505',1234,,1036,25,,,0
4019,'1450545',1634,,1037,25,,,0
4019,'1450564',1504,,1038,25,,,0
4019,'1450589',1404,,1039,25,,,0
4019,'1450655',1804,,1040,25,,,0
4019,'1450679',2004,,1041,25,,,0
4019,'1450692',1604,,1042,25,,,0
4019,'1450715',1434,,1043,25,,,0
4019,'1450733',1334,,1044,25,,,0
4019,'1450757',1704,,1045,25,,,0
4019,'1450793',804,,1046,25,,,0
4019,'1450872',1734,,1047,25,,,0
4019,'1450917',834,,1048,25,,,0
4019,'1450918',1004,,1049,25,,,0
4019,'1450952',1204,,1050,25,,,0
4019,'1450964',2034,,1051,25,,,0
4019,'1450972',1404,,1052,25,,,0
4019,'1450985',1934,,1053,25,,,0
4019,'1450986',1834,,1054,25,,,0
4019,'1451005',1504,,1055,25,,,0
4019,'1451006',2204,,1056,25,,,0
4019,'1451058',1104,,1057,25,,,0
4019,'1451063',1934,,1058,25,,,0
4019,'1451086',1634,,1059,25,,,0
4019,'1451117',704,,1060,25,,,0
4019,'1451122',2004,,1061,25,,,0
4019,'1451125',1434,,1062,25,,,0
4019,'1451144',1704,,1063,25,,,0
4019,'1451171',1004,,1064,25,,,0
4019,'1451240',1234,,1065,25,,,0
4019,'1451247',1334,,1066,25,,,0
4019,'1451281',934,,1067,25,,,0
4019,'1451311',934,,1068,25,,,0
4019,'1451343',1034,,1069,25,,,0
4019,'1451357',1204,,1070,25,,,0
4019,'1451365',1804,,1071,25,,,0
4019,'1451367',1604,,1072,25,,,0
4019,'1451427',2134,,1073,25,,,0
4019,'1451446',1534,,1074,25,,,0
4019,'1451449',1034,,1075,25,,,0
4019,'1451526',904,,1076,25,,,0
