2019,'1474998',620,,907,3,,,0
2019,'1474999',650,,908,3,,,0
2019,'1475000',720,,909,3,,,0
2019,'1475001',750,,910,3,,,0
2019,'1475002',820,,911,3,,,0
2019,'1475003',850,,912,3,,,0
2019,'1475004',920,,913,3,,,0
2019,'1475005',950,,914,3,,,0
2019,'1475006',1020,,915,3,,,0
2019,'1475007',1050,,916,3,,,0
2019,'1475008',1120,,917,3,,,0
2019,'1475009',1150,,918,3,,,0
2019,'1475010',1220,,919,3,,,0
2019,'1475011',1250,,920,3,,,0
2019,'1475012',1320,,921,3,,,0
2019,'1475013',1350,,922,3,,,0
2019,'1475014',1420,,923,3,,,0
2019,'1475015',1450,,924,3,,,0
2019,'1475016',1520,,925,3,,,0
2019,'1475017',1550,,926,3,,,0
2019,'1475018',1620,,927,3,,,0
2019,'1475019',1650,,928,3,,,0
2019,'1475020',1720,,929,3,,,0
2019,'1475021',1750,,930,3,,,0
2019,'1475022',1820,,931,3,,,0
2019,'1475023',1850,,932,3,,,0
2019,'1475024',1920,,933,3,,,0
2019,'1475025',1950,,934,3,,,0
2019,'1475026',2020,,935,3,,,0
2019,'1475027',2050,,936,3,,,0
2019,'1475028',2120,,937,3,,,0
2019,'1475029',2150,,938,3,,,0
2019,'1475030',2220,,939,3,,,0
2019,'1475031',850,,940,3,,,0
2019,'1475032',920,,941,3,,,0
2019,'1475033',950,,942,3,,,0
2019,'1475034',1020,,943,3,,,0
2019,'1475035',1050,,944,3,,,0
2019,'1475036',1120,,945,3,,,0
2019,'1475037',1150,,946,3,,,0
2019,'1475038',1220,,947,3,,,0
2019,'1475039',1250,,948,3,,,0
2019,'1475040',1320,,949,3,,,0
2019,'1475041',1350,,950,3,,,0
2019,'1475042',1420,,951,3,,,0
2019,'1475043',1450,,952,3,,,0
2019,'1475044',1520,,953,3,,,0
2019,'1475045',1550,,954,3,,,0
2019,'1475046',1620,,955,3,,,0
2019,'1475047',1650,,956,3,,,0
2019,'1475048',1720,,957,3,,,0
2019,'1475049',1750,,958,3,,,0
2019,'1475050',1820,,959,3,,,0
2019,'1475051',1850,,960,3,,,0
2019,'1475052',1920,,961,3,,,0
2019,'1475053',1950,,962,3,,,0
