4019,'1474077',623,,965,12,,,0
4019,'1474078',653,,966,12,,,0
4019,'1474079',723,,967,12,,,0
4019,'1474080',753,,968,12,,,0
4019,'1474081',823,,969,12,,,0
4019,'1474082',853,,970,12,,,0
4019,'1474083',923,,971,12,,,0
4019,'1474084',953,,972,12,,,0
4019,'1474085',1023,,973,12,,,0
4019,'1474086',1053,,974,12,,,0
4019,'1474087',1123,,975,12,,,0
4019,'1474088',1153,,976,12,,,0
4019,'1474089',1223,,977,12,,,0
4019,'1474090',1253,,978,12,,,0
4019,'1474091',1323,,979,12,,,0
4019,'1474092',1353,,980,12,,,0
4019,'1474093',1423,,981,12,,,0
4019,'1474094',1453,,982,12,,,0
4019,'1474095',1523,,983,12,,,0
4019,'1474096',1553,,984,12,,,0
4019,'1474097',1623,,985,12,,,0
4019,'1474098',1653,,986,12,,,0
4019,'1474099',1723,,987,12,,,0
4019,'1474100',1753,,988,12,,,0
4019,'1474101',1823,,989,12,,,0
4019,'1474102',1853,,990,12,,,0
4019,'1474103',1923,,991,12,,,0
4019,'1474104',1953,,992,12,,,0
4019,'1474105',2023,,993,12,,,0
4019,'1474106',2053,,994,12,,,0
4019,'1474107',2123,,995,12,,,0
4019,'1474108',2153,,996,12,,,0
4019,'1474109',2223,,997,12,,,0
4019,'1474110',853,,998,12,,,0
4019,'1474111',923,,999,12,,,0
4019,'1474112',953,,1000,12,,,0
4019,'1474113',1023,,1001,12,,,0
4019,'1474114',1053,,1002,12,,,0
4019,'1474115',1123,,1003,12,,,0
4019,'1474116',1153,,1004,12,,,0
4019,'1474117',1223,,1005,12,,,0
4019,'1474118',1253,,1006,12,,,0
4019,'1474119',1323,,1007,12,,,0
4019,'1474120',1353,,1008,12,,,0
4019,'1474121',1423,,1009,12,,,0
4019,'1474122',1453,,1010,12,,,0
4019,'1474123',1523,,1011,12,,,0
4019,'1474124',1553,,1012,12,,,0
4019,'1474125',1623,,1013,12,,,0
4019,'1474126',1653,,1014,12,,,0
4019,'1474127',1723,,1015,12,,,0
4019,'1474128',1753,,1016,12,,,0
4019,'1474129',1823,,1017,12,,,0
4019,'1474130',1853,,1018,12,,,0
4019,'1474131',1923,,1019,12,,,0
4019,'1474132',1953,,1020,12,,,0
