2019,'1467968',1523,,652,16,,,0
2019,'1467993',1653,,655,16,,,0
2019,'1468003',1353,,657,16,,,0
2019,'1468007',2153,,658,16,,,0
2019,'1468017',923,,659,16,,,0
2019,'1468034',1753,,662,16,,,0
2019,'1468038',953,,663,16,,,0
2019,'1468054',853,,665,16,,,0
2019,'1468079',823,,666,16,,,0
2019,'1468088',2023,,667,16,,,0
2019,'1468109',1223,,668,16,,,0
2019,'1468127',753,,670,16,,,0
2019,'1468129',1053,,671,16,,,0
2019,'1468134',1853,,672,16,,,0
2019,'1468156',1823,,673,16,,,0
2019,'1468158',1723,,674,16,,,0
2019,'1468197',1323,,676,16,,,0
2019,'1468238',1123,,677,16,,,0
2019,'1468288',1253,,682,16,,,0
2019,'1468302',1153,,685,16,,,0
2019,'1468306',1623,,686,16,,,0
2019,'1468319',2053,,688,16,,,0
2019,'1468342',1423,,690,16,,,0
2019,'1468357',1023,,691,16,,,0
2019,'1468388',623,,692,16,,,0
2019,'1468403',2223,,695,16,,,0
2019,'1468420',1453,,697,16,,,0
2019,'1468421',653,,698,16,,,0
2019,'1468443',1553,,699,16,,,0
2019,'1468446',2123,,700,16,,,0
2019,'1468448',723,,701,16,,,0
2019,'1468457',1923,,703,16,,,0
2019,'1468482',1953,,705,16,,,0
2019,'1474998',623,,907,16,,,0
2019,'1474999',653,,908,16,,,0
2019,'1475000',723,,909,16,,,0
2019,'1475001',753,,910,16,,,0
2019,'1475002',823,,911,16,,,0
2019,'1475003',853,,912,16,,,0
2019,'1475004',923,,913,16,,,0
2019,'1475005',953,,914,16,,,0
2019,'1475006',1023,,915,16,,,0
2019,'1475007',1053,,916,16,,,0
2019,'1475008',1123,,917,16,,,0
2019,'1475009',1153,,918,16,,,0
2019,'1475010',1223,,919,16,,,0
2019,'1475011',1253,,920,16,,,0
2019,'1475012',1323,,921,16,,,0
2019,'1475013',1353,,922,16,,,0
2019,'1475014',1423,,923,16,,,0
2019,'1475015',1453,,924,16,,,0
2019,'1475016',1523,,925,16,,,0
2019,'1475017',1553,,926,16,,,0
2019,'1475018',1623,,927,16,,,0
2019,'1475019',1653,,928,16,,,0
2019,'1475020',1723,,929,16,,,0
2019,'1475021',1753,,930,16,,,0
2019,'1475022',1823,,931,16,,,0
2019,'1475023',1853,,932,16,,,0
2019,'1475024',1923,,933,16,,,0
2019,'1475025',1953,,934,16,,,0
2019,'1475026',2023,,935,16,,,0
2019,'1475027',2053,,936,16,,,0
2019,'1475028',2123,,937,16,,,0
2019,'1475029',2153,,938,16,,,0
2019,'1475030',2223,,939,16,,,0
2019,'1475031',853,,940,16,,,0
2019,'1475032',923,,941,16,,,0
2019,'1475033',953,,942,16,,,0
2019,'1475034',1023,,943,16,,,0
2019,'1475035',1053,,944,16,,,0
2019,'1475036',1123,,945,16,,,0
2019,'1475037',1153,,946,16,,,0
2019,'1475038',1223,,947,16,,,0
2019,'1475039',1253,,948,16,,,0
2019,'1475040',1323,,949,16,,,0
2019,'1475041',1353,,950,16,,,0
2019,'1475042',1423,,951,16,,,0
2019,'1475043',1453,,952,16,,,0
2019,'1475044',1523,,953,16,,,0
2019,'1475045',1553,,954,16,,,0
2019,'1475046',1623,,955,16,,,0
2019,'1475047',1653,,956,16,,,0
2019,'1475048',1723,,957,16,,,0
2019,'1475049',1753,,958,16,,,0
2019,'1475050',1823,,959,16,,,0
2019,'1475051',1853,,960,16,,,0
2019,'1475052',1923,,961,16,,,0
2019,'1475053',1953,,962,16,,,0
