4019,'1450170',1311,,1021,32,,,0
4019,'1450248',1311,,1022,32,,,0
4019,'1450249',2241,,1023,32,,,0
4019,'1450263',1741,,1024,32,,,0
4019,'1450293',1111,,1025,32,,,0
4019,'1450304',1841,,1026,32,,,0
4019,'1450315',1541,,1027,32,,,0
4019,'1450330',1141,,1028,32,,,0
4019,'1450347',1911,,1029,32,,,0
4019,'1450356',741,,1030,32,,,0
4019,'1450379',1141,,1031,32,,,0
4019,'1450395',641,,1032,32,,,0
4019,'1450412',1911,,1033,32,,,0
4019,'1450461',911,,1034,32,,,0
4019,'1450470',2111,,1035,32,,,0
4019,'1450505',1241,,1036,32,,,0
4019,'1450545',1641,,1037,32,,,0
4019,'1450564',1511,,1038,32,,,0
4019,'1450589',1411,,1039,32,,,0
4019,'1450655',1811,,1040,32,,,0
4019,'1450679',2011,,1041,32,,,0
4019,'1450692',1611,,1042,32,,,0
4019,'1450715',1441,,1043,32,,,0
4019,'1450733',1341,,1044,32,,,0
4019,'1450757',1711,,1045,32,,,0
4019,'1450793',811,,1046,32,,,0
4019,'1450872',1741,,1047,32,,,0
4019,'1450917',841,,1048,32,,,0
4019,'1450918',1011,,1049,32,,,0
4019,'1450952',1211,,1050,32,,,0
4019,'1450964',2041,,1051,32,,,0
4019,'1450972',1411,,1052,32,,,0
4019,'1450985',1941,,1053,32,,,0
4019,'1450986',1841,,1054,32,,,0
4019,'1451005',1511,,1055,32,,,0
4019,'1451006',2211,,1056,32,,,0
4019,'1451058',1111,,1057,32,,,0
4019,'1451063',1941,,1058,32,,,0
4019,'1451086',1641,,1059,32,,,0
4019,'1451117',711,,1060,32,,,0
4019,'1451122',2011,,1061,32,,,0
4019,'1451125',1441,,1062,32,,,0
4019,'1451144',1711,,1063,32,,,0
4019,'1451171',1011,,1064,32,,,0
4019,'1451240',1241,,1065,32,,,0
4019,'1451247',1341,,1066,32,,,0
4019,'1451281',941,,1067,32,,,0
4019,'1451311',941,,1068,32,,,0
4019,'1451343',1041,,1069,32,,,0
4019,'1451357',1211,,1070,32,,,0
4019,'1451365',1811,,1071,32,,,0
4019,'1451367',1611,,1072,32,,,0
4019,'1451427',2141,,1073,32,,,0
4019,'1451446',1541,,1074,32,,,0
4019,'1451449',1041,,1075,32,,,0
4019,'1451526',911,,1076,32,,,0
