7019,'1442614',730,,1077,19,,,0
7019,'1442622',2000,,1078,19,,,0
7019,'1442670',2130,,1079,19,,,0
7019,'1442732',2030,,1080,19,,,0
7019,'1442767',1630,,1081,19,,,0
7019,'1442817',1700,,1082,19,,,0
7019,'1442848',1800,,1083,19,,,0
7019,'1442896',800,,1084,19,,,0
7019,'1442972',1930,,1085,19,,,0
7019,'1443069',1230,,1086,19,,,0
7019,'1443156',630,,1087,19,,,0
7019,'1443162',1400,,1088,19,,,0
7019,'1443179',1430,,1089,19,,,0
7019,'1443229',1300,,1090,19,,,0
7019,'1443345',1830,,1091,19,,,0
7019,'1443404',830,,1092,19,,,0
7019,'1443436',1200,,1093,19,,,0
7019,'1443487',1130,,1094,19,,,0
7019,'1443532',700,,1095,19,,,0
7019,'1443541',930,,1096,19,,,0
7019,'1443550',2230,,1097,19,,,0
7019,'1443573',1600,,1098,19,,,0
7019,'1443663',1030,,1099,19,,,0
7019,'1443697',1000,,1100,19,,,0
7019,'1443868',900,,1101,19,,,0
7019,'1443959',1100,,1102,19,,,0
7019,'1443993',1330,,1103,19,,,0
7019,'1444109',1500,,1104,19,,,0
7019,'1444167',2100,,1105,19,,,0
7019,'1444230',1900,,1106,19,,,0
7019,'1444467',1730,,1107,19,,,0
7019,'1444493',1530,,1108,19,,,0
7019,'1444706',2200,,1109,19,,,0
7019,'1471238',902,,337,19,,,0
7019,'1471239',932,,338,19,,,0
7019,'1471240',1002,,339,19,,,0
7019,'1471241',1032,,340,19,,,0
7019,'1471242',1102,,341,19,,,0
7019,'1471243',1132,,342,19,,,0
7019,'1471244',1202,,343,19,,,0
7019,'1471245',1232,,344,19,,,0
7019,'1471246',1302,,345,19,,,0
7019,'1471247',1332,,346,19,,,0
7019,'1471248',1402,,347,19,,,0
7019,'1471249',1432,,348,19,,,0
7019,'1471250',1502,,349,19,,,0
7019,'1471251',1532,,350,19,,,0
7019,'1471252',1602,,351,19,,,0
7019,'1471253',1632,,352,19,,,0
7019,'1471254',1702,,353,19,,,0
7019,'1471255',1732,,354,19,,,0
7019,'1471256',1802,,355,19,,,0
7019,'1471257',1832,,356,19,,,0
7019,'1471258',1902,,357,19,,,0
7019,'1471259',1932,,358,19,,,0
7019,'1471260',2002,,359,19,,,0
