4019,'1450170',1246,,1021,3,,,0
4019,'1450248',1246,,1022,3,,,0
4019,'1450249',2216,,1023,3,,,0
4019,'1450263',1716,,1024,3,,,0
4019,'1450293',1046,,1025,3,,,0
4019,'1450304',1816,,1026,3,,,0
4019,'1450315',1516,,1027,3,,,0
4019,'1450330',1116,,1028,3,,,0
4019,'1450347',1846,,1029,3,,,0
4019,'1450356',716,,1030,3,,,0
4019,'1450379',1116,,1031,3,,,0
4019,'1450395',616,,1032,3,,,0
4019,'1450412',1846,,1033,3,,,0
4019,'1450461',846,,1034,3,,,0
4019,'1450470',2046,,1035,3,,,0
4019,'1450505',1216,,1036,3,,,0
4019,'1450545',1616,,1037,3,,,0
4019,'1450564',1446,,1038,3,,,0
4019,'1450589',1346,,1039,3,,,0
4019,'1450655',1746,,1040,3,,,0
4019,'1450679',1946,,1041,3,,,0
4019,'1450692',1546,,1042,3,,,0
4019,'1450715',1416,,1043,3,,,0
4019,'1450733',1316,,1044,3,,,0
4019,'1450757',1646,,1045,3,,,0
4019,'1450793',746,,1046,3,,,0
4019,'1450872',1716,,1047,3,,,0
4019,'1450917',816,,1048,3,,,0
4019,'1450918',946,,1049,3,,,0
4019,'1450952',1146,,1050,3,,,0
4019,'1450964',2016,,1051,3,,,0
4019,'1450972',1346,,1052,3,,,0
4019,'1450985',1916,,1053,3,,,0
4019,'1450986',1816,,1054,3,,,0
4019,'1451005',1446,,1055,3,,,0
4019,'1451006',2146,,1056,3,,,0
4019,'1451058',1046,,1057,3,,,0
4019,'1451063',1916,,1058,3,,,0
4019,'1451086',1616,,1059,3,,,0
4019,'1451117',646,,1060,3,,,0
4019,'1451122',1946,,1061,3,,,0
4019,'1451125',1416,,1062,3,,,0
4019,'1451144',1646,,1063,3,,,0
4019,'1451171',946,,1064,3,,,0
4019,'1451240',1216,,1065,3,,,0
4019,'1451247',1316,,1066,3,,,0
4019,'1451281',916,,1067,3,,,0
4019,'1451311',916,,1068,3,,,0
4019,'1451343',1016,,1069,3,,,0
4019,'1451357',1146,,1070,3,,,0
4019,'1451365',1746,,1071,3,,,0
4019,'1451367',1546,,1072,3,,,0
4019,'1451427',2116,,1073,3,,,0
4019,'1451446',1516,,1074,3,,,0
4019,'1451449',1016,,1075,3,,,0
4019,'1451526',846,,1076,3,,,0
7019,'1442614',715,,1077,3,,,0
7019,'1442622',1945,,1078,3,,,0
7019,'1442670',2115,,1079,3,,,0
7019,'1442732',2015,,1080,3,,,0
7019,'1442767',1615,,1081,3,,,0
7019,'1442817',1645,,1082,3,,,0
7019,'1442848',1745,,1083,3,,,0
7019,'1442896',745,,1084,3,,,0
7019,'1442972',1915,,1085,3,,,0
7019,'1443069',1215,,1086,3,,,0
7019,'1443156',615,,1087,3,,,0
7019,'1443162',1345,,1088,3,,,0
7019,'1443179',1415,,1089,3,,,0
7019,'1443229',1245,,1090,3,,,0
7019,'1443345',1815,,1091,3,,,0
7019,'1443404',815,,1092,3,,,0
7019,'1443436',1145,,1093,3,,,0
7019,'1443487',1115,,1094,3,,,0
7019,'1443532',645,,1095,3,,,0
7019,'1443541',915,,1096,3,,,0
7019,'1443550',2215,,1097,3,,,0
7019,'1443573',1545,,1098,3,,,0
7019,'1443663',1015,,1099,3,,,0
7019,'1443697',945,,1100,3,,,0
7019,'1443868',845,,1101,3,,,0
7019,'1443959',1045,,1102,3,,,0
7019,'1443993',1315,,1103,3,,,0
7019,'1444109',1445,,1104,3,,,0
7019,'1444167',2045,,1105,3,,,0
7019,'1444230',1845,,1106,3,,,0
7019,'1444467',1715,,1107,3,,,0
7019,'1444493',1515,,1108,3,,,0
7019,'1444706',2145,,1109,3,,,0
7019,'1471238',847,,337,3,,,0
7019,'1471239',917,,338,3,,,0
7019,'1471240',947,,339,3,,,0
7019,'1471241',1017,,340,3,,,0
7019,'1471242',1047,,341,3,,,0
7019,'1471243',1117,,342,3,,,0
7019,'1471244',1147,,343,3,,,0
7019,'1471245',1217,,344,3,,,0
7019,'1471246',1247,,345,3,,,0
7019,'1471247',1317,,346,3,,,0
7019,'1471248',1347,,347,3,,,0
7019,'1471249',1417,,348,3,,,0
7019,'1471250',1447,,349,3,,,0
7019,'1471251',1517,,350,3,,,0
7019,'1471252',1547,,351,3,,,0
7019,'1471253',1617,,352,3,,,0
7019,'1471254',1647,,353,3,,,0
7019,'1471255',1717,,354,3,,,0
7019,'1471256',1747,,355,3,,,0
7019,'1471257',1817,,356,3,,,0
7019,'1471258',1847,,357,3,,,0
7019,'1471259',1917,,358,3,,,0
7019,'1471260',1947,,359,3,,,0
