4019,'1450170',1303,,1021,24,,,0
4019,'1450248',1303,,1022,24,,,0
4019,'1450249',2233,,1023,24,,,0
4019,'1450263',1733,,1024,24,,,0
4019,'1450293',1103,,1025,24,,,0
4019,'1450304',1833,,1026,24,,,0
4019,'1450315',1533,,1027,24,,,0
4019,'1450330',1133,,1028,24,,,0
4019,'1450347',1903,,1029,24,,,0
4019,'1450356',733,,1030,24,,,0
4019,'1450379',1133,,1031,24,,,0
4019,'1450395',633,,1032,24,,,0
4019,'1450412',1903,,1033,24,,,0
4019,'1450461',903,,1034,24,,,0
4019,'1450470',2103,,1035,24,,,0
4019,'1450505',1233,,1036,24,,,0
4019,'1450545',1633,,1037,24,,,0
4019,'1450564',1503,,1038,24,,,0
4019,'1450589',1403,,1039,24,,,0
4019,'1450655',1803,,1040,24,,,0
4019,'1450679',2003,,1041,24,,,0
4019,'1450692',1603,,1042,24,,,0
4019,'1450715',1433,,1043,24,,,0
4019,'1450733',1333,,1044,24,,,0
4019,'1450757',1703,,1045,24,,,0
4019,'1450793',803,,1046,24,,,0
4019,'1450872',1733,,1047,24,,,0
4019,'1450917',833,,1048,24,,,0
4019,'1450918',1003,,1049,24,,,0
4019,'1450952',1203,,1050,24,,,0
4019,'1450964',2033,,1051,24,,,0
4019,'1450972',1403,,1052,24,,,0
4019,'1450985',1933,,1053,24,,,0
4019,'1450986',1833,,1054,24,,,0
4019,'1451005',1503,,1055,24,,,0
4019,'1451006',2203,,1056,24,,,0
4019,'1451058',1103,,1057,24,,,0
4019,'1451063',1933,,1058,24,,,0
4019,'1451086',1633,,1059,24,,,0
4019,'1451117',703,,1060,24,,,0
4019,'1451122',2003,,1061,24,,,0
4019,'1451125',1433,,1062,24,,,0
4019,'1451144',1703,,1063,24,,,0
4019,'1451171',1003,,1064,24,,,0
4019,'1451240',1233,,1065,24,,,0
4019,'1451247',1333,,1066,24,,,0
4019,'1451281',933,,1067,24,,,0
4019,'1451311',933,,1068,24,,,0
4019,'1451343',1033,,1069,24,,,0
4019,'1451357',1203,,1070,24,,,0
4019,'1451365',1803,,1071,24,,,0
4019,'1451367',1603,,1072,24,,,0
4019,'1451427',2133,,1073,24,,,0
4019,'1451446',1533,,1074,24,,,0
4019,'1451449',1033,,1075,24,,,0
4019,'1451526',903,,1076,24,,,0
