4019,'1450170',1246,,1021,2,,,0
4019,'1450248',1246,,1022,2,,,0
4019,'1450249',2216,,1023,2,,,0
4019,'1450263',1716,,1024,2,,,0
4019,'1450293',1046,,1025,2,,,0
4019,'1450304',1816,,1026,2,,,0
4019,'1450315',1516,,1027,2,,,0
4019,'1450330',1116,,1028,2,,,0
4019,'1450347',1846,,1029,2,,,0
4019,'1450356',716,,1030,2,,,0
4019,'1450379',1116,,1031,2,,,0
4019,'1450395',616,,1032,2,,,0
4019,'1450412',1846,,1033,2,,,0
4019,'1450461',846,,1034,2,,,0
4019,'1450470',2046,,1035,2,,,0
4019,'1450505',1216,,1036,2,,,0
4019,'1450545',1616,,1037,2,,,0
4019,'1450564',1446,,1038,2,,,0
4019,'1450589',1346,,1039,2,,,0
4019,'1450655',1746,,1040,2,,,0
4019,'1450679',1946,,1041,2,,,0
4019,'1450692',1546,,1042,2,,,0
4019,'1450715',1416,,1043,2,,,0
4019,'1450733',1316,,1044,2,,,0
4019,'1450757',1646,,1045,2,,,0
4019,'1450793',746,,1046,2,,,0
4019,'1450872',1716,,1047,2,,,0
4019,'1450917',816,,1048,2,,,0
4019,'1450918',946,,1049,2,,,0
4019,'1450952',1146,,1050,2,,,0
4019,'1450964',2016,,1051,2,,,0
4019,'1450972',1346,,1052,2,,,0
4019,'1450985',1916,,1053,2,,,0
4019,'1450986',1816,,1054,2,,,0
4019,'1451005',1446,,1055,2,,,0
4019,'1451006',2146,,1056,2,,,0
4019,'1451058',1046,,1057,2,,,0
4019,'1451063',1916,,1058,2,,,0
4019,'1451086',1616,,1059,2,,,0
4019,'1451117',646,,1060,2,,,0
4019,'1451122',1946,,1061,2,,,0
4019,'1451125',1416,,1062,2,,,0
4019,'1451144',1646,,1063,2,,,0
4019,'1451171',946,,1064,2,,,0
4019,'1451240',1216,,1065,2,,,0
4019,'1451247',1316,,1066,2,,,0
4019,'1451281',916,,1067,2,,,0
4019,'1451311',916,,1068,2,,,0
4019,'1451343',1016,,1069,2,,,0
4019,'1451357',1146,,1070,2,,,0
4019,'1451365',1746,,1071,2,,,0
4019,'1451367',1546,,1072,2,,,0
4019,'1451427',2116,,1073,2,,,0
4019,'1451446',1516,,1074,2,,,0
4019,'1451449',1016,,1075,2,,,0
4019,'1451526',846,,1076,2,,,0
7019,'1442614',715,,1077,2,,,0
7019,'1442622',1945,,1078,2,,,0
7019,'1442670',2115,,1079,2,,,0
7019,'1442732',2015,,1080,2,,,0
7019,'1442767',1615,,1081,2,,,0
7019,'1442817',1645,,1082,2,,,0
7019,'1442848',1745,,1083,2,,,0
7019,'1442896',745,,1084,2,,,0
7019,'1442972',1915,,1085,2,,,0
7019,'1443069',1215,,1086,2,,,0
7019,'1443156',615,,1087,2,,,0
7019,'1443162',1345,,1088,2,,,0
7019,'1443179',1415,,1089,2,,,0
7019,'1443229',1245,,1090,2,,,0
7019,'1443345',1815,,1091,2,,,0
7019,'1443404',815,,1092,2,,,0
7019,'1443436',1145,,1093,2,,,0
7019,'1443487',1115,,1094,2,,,0
7019,'1443532',645,,1095,2,,,0
7019,'1443541',915,,1096,2,,,0
7019,'1443550',2215,,1097,2,,,0
7019,'1443573',1545,,1098,2,,,0
7019,'1443663',1015,,1099,2,,,0
7019,'1443697',945,,1100,2,,,0
7019,'1443868',845,,1101,2,,,0
7019,'1443959',1045,,1102,2,,,0
7019,'1443993',1315,,1103,2,,,0
7019,'1444109',1445,,1104,2,,,0
7019,'1444167',2045,,1105,2,,,0
7019,'1444230',1845,,1106,2,,,0
7019,'1444467',1715,,1107,2,,,0
7019,'1444493',1515,,1108,2,,,0
7019,'1444706',2145,,1109,2,,,0
7019,'1471238',846,,337,2,,,0
7019,'1471239',916,,338,2,,,0
7019,'1471240',946,,339,2,,,0
7019,'1471241',1016,,340,2,,,0
7019,'1471242',1046,,341,2,,,0
7019,'1471243',1116,,342,2,,,0
7019,'1471244',1146,,343,2,,,0
7019,'1471245',1216,,344,2,,,0
7019,'1471246',1246,,345,2,,,0
7019,'1471247',1316,,346,2,,,0
7019,'1471248',1346,,347,2,,,0
7019,'1471249',1416,,348,2,,,0
7019,'1471250',1446,,349,2,,,0
7019,'1471251',1516,,350,2,,,0
7019,'1471252',1546,,351,2,,,0
7019,'1471253',1616,,352,2,,,0
7019,'1471254',1646,,353,2,,,0
7019,'1471255',1716,,354,2,,,0
7019,'1471256',1746,,355,2,,,0
7019,'1471257',1816,,356,2,,,0
7019,'1471258',1846,,357,2,,,0
7019,'1471259',1916,,358,2,,,0
7019,'1471260',1946,,359,2,,,0
