2019,'1467968',1527,,652,27,,,0
2019,'1467993',1657,,655,27,,,0
2019,'1468003',1357,,657,27,,,0
2019,'1468007',2157,,658,27,,,0
2019,'1468017',927,,659,27,,,0
2019,'1468034',1757,,662,27,,,0
2019,'1468038',957,,663,27,,,0
2019,'1468054',857,,665,27,,,0
2019,'1468079',827,,666,27,,,0
2019,'1468088',2027,,667,27,,,0
2019,'1468109',1227,,668,27,,,0
2019,'1468127',757,,670,27,,,0
2019,'1468129',1057,,671,27,,,0
2019,'1468134',1857,,672,27,,,0
2019,'1468156',1827,,673,27,,,0
2019,'1468158',1727,,674,27,,,0
2019,'1468197',1327,,676,27,,,0
2019,'1468238',1127,,677,27,,,0
2019,'1468288',1257,,682,27,,,0
2019,'1468302',1157,,685,27,,,0
2019,'1468306',1627,,686,27,,,0
2019,'1468319',2057,,688,27,,,0
2019,'1468342',1427,,690,27,,,0
2019,'1468357',1027,,691,27,,,0
2019,'1468388',627,,692,27,,,0
2019,'1468403',2227,,695,27,,,0
2019,'1468420',1457,,697,27,,,0
2019,'1468421',657,,698,27,,,0
2019,'1468443',1557,,699,27,,,0
2019,'1468446',2127,,700,27,,,0
2019,'1468448',727,,701,27,,,0
2019,'1468457',1927,,703,27,,,0
2019,'1468482',1957,,705,27,,,0
2019,'1474998',627,,907,27,,,0
2019,'1474999',657,,908,27,,,0
2019,'1475000',727,,909,27,,,0
2019,'1475001',757,,910,27,,,0
2019,'1475002',827,,911,27,,,0
2019,'1475003',857,,912,27,,,0
2019,'1475004',927,,913,27,,,0
2019,'1475005',957,,914,27,,,0
2019,'1475006',1027,,915,27,,,0
2019,'1475007',1057,,916,27,,,0
2019,'1475008',1127,,917,27,,,0
2019,'1475009',1157,,918,27,,,0
2019,'1475010',1227,,919,27,,,0
2019,'1475011',1257,,920,27,,,0
2019,'1475012',1327,,921,27,,,0
2019,'1475013',1357,,922,27,,,0
2019,'1475014',1427,,923,27,,,0
2019,'1475015',1457,,924,27,,,0
2019,'1475016',1527,,925,27,,,0
2019,'1475017',1557,,926,27,,,0
2019,'1475018',1627,,927,27,,,0
2019,'1475019',1657,,928,27,,,0
2019,'1475020',1727,,929,27,,,0
2019,'1475021',1757,,930,27,,,0
2019,'1475022',1827,,931,27,,,0
2019,'1475023',1857,,932,27,,,0
2019,'1475024',1927,,933,27,,,0
2019,'1475025',1957,,934,27,,,0
2019,'1475026',2027,,935,27,,,0
2019,'1475027',2057,,936,27,,,0
2019,'1475028',2127,,937,27,,,0
2019,'1475029',2157,,938,27,,,0
2019,'1475030',2227,,939,27,,,0
2019,'1475031',857,,940,27,,,0
2019,'1475032',927,,941,27,,,0
2019,'1475033',957,,942,27,,,0
2019,'1475034',1027,,943,27,,,0
2019,'1475035',1057,,944,27,,,0
2019,'1475036',1127,,945,27,,,0
2019,'1475037',1157,,946,27,,,0
2019,'1475038',1227,,947,27,,,0
2019,'1475039',1257,,948,27,,,0
2019,'1475040',1327,,949,27,,,0
2019,'1475041',1357,,950,27,,,0
2019,'1475042',1427,,951,27,,,0
2019,'1475043',1457,,952,27,,,0
2019,'1475044',1527,,953,27,,,0
2019,'1475045',1557,,954,27,,,0
2019,'1475046',1627,,955,27,,,0
2019,'1475047',1657,,956,27,,,0
2019,'1475048',1727,,957,27,,,0
2019,'1475049',1757,,958,27,,,0
2019,'1475050',1827,,959,27,,,0
2019,'1475051',1857,,960,27,,,0
2019,'1475052',1927,,961,27,,,0
2019,'1475053',1957,,962,27,,,0
