2019,'1467968',1515,,652,1,,,0,30,,652,43,4,,0
2019,'1467993',1645,,655,1,,,0,70,,655,43,4,,0
2019,'1468003',1345,,657,1,,,0,70,,657,43,4,,0
2019,'1468007',2145,,658,1,,,0,70,,658,43,4,,0
2019,'1468017',915,,659,1,,,0,30,,659,43,4,,0
2019,'1468034',1745,,662,1,,,0,70,,662,43,4,,0
2019,'1468038',945,,663,1,,,0,70,,663,43,4,,0
2019,'1468054',845,,665,1,,,0,70,,665,43,4,,0
2019,'1468079',815,,666,1,,,0,30,,666,43,4,,0
2019,'1468088',2015,,667,1,,,0,30,,667,43,4,,0
2019,'1468109',1215,,668,1,,,0,30,,668,43,4,,0
2019,'1468127',745,,670,1,,,0,70,,670,43,4,,0
2019,'1468129',1045,,671,1,,,0,70,,671,43,4,,0
2019,'1468134',1845,,672,1,,,0,70,,672,43,4,,0
2019,'1468156',1815,,673,1,,,0,30,,673,43,4,,0
2019,'1468158',1715,,674,1,,,0,30,,674,43,4,,0
2019,'1468197',1315,,676,1,,,0,30,,676,43,4,,0
2019,'1468238',1115,,677,1,,,0,30,,677,43,4,,0
2019,'1468288',1245,,682,1,,,0,70,,682,43,4,,0
2019,'1468302',1145,,685,1,,,0,70,,685,43,4,,0
2019,'1468306',1615,,686,1,,,0,30,,686,43,4,,0
2019,'1468319',2045,,688,1,,,0,70,,688,43,4,,0
2019,'1468342',1415,,690,1,,,0,30,,690,43,4,,0
2019,'1468357',1015,,691,1,,,0,30,,691,43,4,,0
2019,'1468388',615,,692,1,,,0,30,,692,43,4,,0
2019,'1468403',2215,,695,1,,,0,30,,695,43,4,,0
2019,'1468420',1445,,697,1,,,0,70,,697,43,4,,0
2019,'1468421',645,,698,1,,,0,70,,698,43,4,,0
2019,'1468443',1545,,699,1,,,0,70,,699,43,4,,0
2019,'1468446',2115,,700,1,,,0,30,,700,43,4,,0
2019,'1468448',715,,701,1,,,0,30,,701,43,4,,0
2019,'1468457',1915,,703,1,,,0,30,,703,43,4,,0
2019,'1468482',1945,,705,1,,,0,70,,705,43,4,,0
2019,'1474998',615,,907,1,,,0,30,,907,43,4,,0
2019,'1474999',645,,908,1,,,0,70,,908,43,4,,0
2019,'1475000',715,,909,1,,,0,30,,909,43,4,,0
2019,'1475001',745,,910,1,,,0,70,,910,43,4,,0
2019,'1475002',815,,911,1,,,0,30,,911,43,4,,0
2019,'1475003',845,,912,1,,,0,70,,912,43,4,,0
2019,'1475004',915,,913,1,,,0,30,,913,43,4,,0
2019,'1475005',945,,914,1,,,0,70,,914,43,4,,0
2019,'1475006',1015,,915,1,,,0,30,,915,43,4,,0
2019,'1475007',1045,,916,1,,,0,70,,916,43,4,,0
2019,'1475008',1115,,917,1,,,0,30,,917,43,4,,0
2019,'1475009',1145,,918,1,,,0,70,,918,43,4,,0
2019,'1475010',1215,,919,1,,,0,30,,919,43,4,,0
2019,'1475011',1245,,920,1,,,0,70,,920,43,4,,0
2019,'1475012',1315,,921,1,,,0,30,,921,43,4,,0
2019,'1475013',1345,,922,1,,,0,70,,922,43,4,,0
2019,'1475014',1415,,923,1,,,0,30,,923,43,4,,0
2019,'1475015',1445,,924,1,,,0,70,,924,43,4,,0
2019,'1475016',1515,,925,1,,,0,30,,925,43,4,,0
2019,'1475017',1545,,926,1,,,0,70,,926,43,4,,0
2019,'1475018',1615,,927,1,,,0,30,,927,43,4,,0
2019,'1475019',1645,,928,1,,,0,70,,928,43,4,,0
2019,'1475020',1715,,929,1,,,0,30,,929,43,4,,0
2019,'1475021',1745,,930,1,,,0,70,,930,43,4,,0
2019,'1475022',1815,,931,1,,,0,30,,931,43,4,,0
2019,'1475023',1845,,932,1,,,0,70,,932,43,4,,0
2019,'1475024',1915,,933,1,,,0,30,,933,43,4,,0
2019,'1475025',1945,,934,1,,,0,70,,934,43,4,,0
2019,'1475026',2015,,935,1,,,0,30,,935,43,4,,0
2019,'1475027',2045,,936,1,,,0,70,,936,43,4,,0
2019,'1475028',2115,,937,1,,,0,30,,937,43,4,,0
2019,'1475029',2145,,938,1,,,0,70,,938,43,4,,0
2019,'1475030',2215,,939,1,,,0,30,,939,43,4,,0
2019,'1475031',845,,940,1,,,0,70,,940,43,4,,0
2019,'1475032',915,,941,1,,,0,30,,941,43,4,,0
2019,'1475033',945,,942,1,,,0,70,,942,43,4,,0
2019,'1475034',1015,,943,1,,,0,30,,943,43,4,,0
2019,'1475035',1045,,944,1,,,0,70,,944,43,4,,0
2019,'1475036',1115,,945,1,,,0,30,,945,43,4,,0
2019,'1475037',1145,,946,1,,,0,70,,946,43,4,,0
2019,'1475038',1215,,947,1,,,0,30,,947,43,4,,0
2019,'1475039',1245,,948,1,,,0,70,,948,43,4,,0
2019,'1475040',1315,,949,1,,,0,30,,949,43,4,,0
2019,'1475041',1345,,950,1,,,0,70,,950,43,4,,0
2019,'1475042',1415,,951,1,,,0,30,,951,43,4,,0
2019,'1475043',1445,,952,1,,,0,70,,952,43,4,,0
2019,'1475044',1515,,953,1,,,0,30,,953,43,4,,0
2019,'1475045',1545,,954,1,,,0,70,,954,43,4,,0
2019,'1475046',1615,,955,1,,,0,30,,955,43,4,,0
2019,'1475047',1645,,956,1,,,0,70,,956,43,4,,0
2019,'1475048',1715,,957,1,,,0,30,,957,43,4,,0
2019,'1475049',1745,,958,1,,,0,70,,958,43,4,,0
2019,'1475050',1815,,959,1,,,0,30,,959,43,4,,0
2019,'1475051',1845,,960,1,,,0,70,,960,43,4,,0
2019,'1475052',1915,,961,1,,,0,30,,961,43,4,,0
2019,'1475053',1945,,962,1,,,0,70,,962,43,4,,0
