4019,'1450170',1305,,1021,26,,,0
4019,'1450248',1305,,1022,26,,,0
4019,'1450249',2235,,1023,26,,,0
4019,'1450263',1735,,1024,26,,,0
4019,'1450293',1105,,1025,26,,,0
4019,'1450304',1835,,1026,26,,,0
4019,'1450315',1535,,1027,26,,,0
4019,'1450330',1135,,1028,26,,,0
4019,'1450347',1905,,1029,26,,,0
4019,'1450356',735,,1030,26,,,0
4019,'1450379',1135,,1031,26,,,0
4019,'1450395',635,,1032,26,,,0
4019,'1450412',1905,,1033,26,,,0
4019,'1450461',905,,1034,26,,,0
4019,'1450470',2105,,1035,26,,,0
4019,'1450505',1235,,1036,26,,,0
4019,'1450545',1635,,1037,26,,,0
4019,'1450564',1505,,1038,26,,,0
4019,'1450589',1405,,1039,26,,,0
4019,'1450655',1805,,1040,26,,,0
4019,'1450679',2005,,1041,26,,,0
4019,'1450692',1605,,1042,26,,,0
4019,'1450715',1435,,1043,26,,,0
4019,'1450733',1335,,1044,26,,,0
4019,'1450757',1705,,1045,26,,,0
4019,'1450793',805,,1046,26,,,0
4019,'1450872',1735,,1047,26,,,0
4019,'1450917',835,,1048,26,,,0
4019,'1450918',1005,,1049,26,,,0
4019,'1450952',1205,,1050,26,,,0
4019,'1450964',2035,,1051,26,,,0
4019,'1450972',1405,,1052,26,,,0
4019,'1450985',1935,,1053,26,,,0
4019,'1450986',1835,,1054,26,,,0
4019,'1451005',1505,,1055,26,,,0
4019,'1451006',2205,,1056,26,,,0
4019,'1451058',1105,,1057,26,,,0
4019,'1451063',1935,,1058,26,,,0
4019,'1451086',1635,,1059,26,,,0
4019,'1451117',705,,1060,26,,,0
4019,'1451122',2005,,1061,26,,,0
4019,'1451125',1435,,1062,26,,,0
4019,'1451144',1705,,1063,26,,,0
4019,'1451171',1005,,1064,26,,,0
4019,'1451240',1235,,1065,26,,,0
4019,'1451247',1335,,1066,26,,,0
4019,'1451281',935,,1067,26,,,0
4019,'1451311',935,,1068,26,,,0
4019,'1451343',1035,,1069,26,,,0
4019,'1451357',1205,,1070,26,,,0
4019,'1451365',1805,,1071,26,,,0
4019,'1451367',1605,,1072,26,,,0
4019,'1451427',2135,,1073,26,,,0
4019,'1451446',1535,,1074,26,,,0
4019,'1451449',1035,,1075,26,,,0
4019,'1451526',905,,1076,26,,,0
