4019,'1450170',1257,,1021,19,,,0
4019,'1450248',1257,,1022,19,,,0
4019,'1450249',2227,,1023,19,,,0
4019,'1450263',1727,,1024,19,,,0
4019,'1450293',1057,,1025,19,,,0
4019,'1450304',1827,,1026,19,,,0
4019,'1450315',1527,,1027,19,,,0
4019,'1450330',1127,,1028,19,,,0
4019,'1450347',1857,,1029,19,,,0
4019,'1450356',727,,1030,19,,,0
4019,'1450379',1127,,1031,19,,,0
4019,'1450395',627,,1032,19,,,0
4019,'1450412',1857,,1033,19,,,0
4019,'1450461',857,,1034,19,,,0
4019,'1450470',2057,,1035,19,,,0
4019,'1450505',1227,,1036,19,,,0
4019,'1450545',1627,,1037,19,,,0
4019,'1450564',1457,,1038,19,,,0
4019,'1450589',1357,,1039,19,,,0
4019,'1450655',1757,,1040,19,,,0
4019,'1450679',1957,,1041,19,,,0
4019,'1450692',1557,,1042,19,,,0
4019,'1450715',1427,,1043,19,,,0
4019,'1450733',1327,,1044,19,,,0
4019,'1450757',1657,,1045,19,,,0
4019,'1450793',757,,1046,19,,,0
4019,'1450872',1727,,1047,19,,,0
4019,'1450917',827,,1048,19,,,0
4019,'1450918',957,,1049,19,,,0
4019,'1450952',1157,,1050,19,,,0
4019,'1450964',2027,,1051,19,,,0
4019,'1450972',1357,,1052,19,,,0
4019,'1450985',1927,,1053,19,,,0
4019,'1450986',1827,,1054,19,,,0
4019,'1451005',1457,,1055,19,,,0
4019,'1451006',2157,,1056,19,,,0
4019,'1451058',1057,,1057,19,,,0
4019,'1451063',1927,,1058,19,,,0
4019,'1451086',1627,,1059,19,,,0
4019,'1451117',657,,1060,19,,,0
4019,'1451122',1957,,1061,19,,,0
4019,'1451125',1427,,1062,19,,,0
4019,'1451144',1657,,1063,19,,,0
4019,'1451171',957,,1064,19,,,0
4019,'1451240',1227,,1065,19,,,0
4019,'1451247',1327,,1066,19,,,0
4019,'1451281',927,,1067,19,,,0
4019,'1451311',927,,1068,19,,,0
4019,'1451343',1027,,1069,19,,,0
4019,'1451357',1157,,1070,19,,,0
4019,'1451365',1757,,1071,19,,,0
4019,'1451367',1557,,1072,19,,,0
4019,'1451427',2127,,1073,19,,,0
4019,'1451446',1527,,1074,19,,,0
4019,'1451449',1027,,1075,19,,,0
4019,'1451526',857,,1076,19,,,0
