2019,'1474998',626,,907,23,,,0
2019,'1474999',656,,908,23,,,0
2019,'1475000',726,,909,23,,,0
2019,'1475001',756,,910,23,,,0
2019,'1475002',826,,911,23,,,0
2019,'1475003',856,,912,23,,,0
2019,'1475004',926,,913,23,,,0
2019,'1475005',956,,914,23,,,0
2019,'1475006',1026,,915,23,,,0
2019,'1475007',1056,,916,23,,,0
2019,'1475008',1126,,917,23,,,0
2019,'1475009',1156,,918,23,,,0
2019,'1475010',1226,,919,23,,,0
2019,'1475011',1256,,920,23,,,0
2019,'1475012',1326,,921,23,,,0
2019,'1475013',1356,,922,23,,,0
2019,'1475014',1426,,923,23,,,0
2019,'1475015',1456,,924,23,,,0
2019,'1475016',1526,,925,23,,,0
2019,'1475017',1556,,926,23,,,0
2019,'1475018',1626,,927,23,,,0
2019,'1475019',1656,,928,23,,,0
2019,'1475020',1726,,929,23,,,0
2019,'1475021',1756,,930,23,,,0
2019,'1475022',1826,,931,23,,,0
2019,'1475023',1856,,932,23,,,0
2019,'1475024',1926,,933,23,,,0
2019,'1475025',1956,,934,23,,,0
2019,'1475026',2026,,935,23,,,0
2019,'1475027',2056,,936,23,,,0
2019,'1475028',2126,,937,23,,,0
2019,'1475029',2156,,938,23,,,0
2019,'1475030',2226,,939,23,,,0
2019,'1475031',856,,940,23,,,0
2019,'1475032',926,,941,23,,,0
2019,'1475033',956,,942,23,,,0
2019,'1475034',1026,,943,23,,,0
2019,'1475035',1056,,944,23,,,0
2019,'1475036',1126,,945,23,,,0
2019,'1475037',1156,,946,23,,,0
2019,'1475038',1226,,947,23,,,0
2019,'1475039',1256,,948,23,,,0
2019,'1475040',1326,,949,23,,,0
2019,'1475041',1356,,950,23,,,0
2019,'1475042',1426,,951,23,,,0
2019,'1475043',1456,,952,23,,,0
2019,'1475044',1526,,953,23,,,0
2019,'1475045',1556,,954,23,,,0
2019,'1475046',1626,,955,23,,,0
2019,'1475047',1656,,956,23,,,0
2019,'1475048',1726,,957,23,,,0
2019,'1475049',1756,,958,23,,,0
2019,'1475050',1826,,959,23,,,0
2019,'1475051',1856,,960,23,,,0
2019,'1475052',1926,,961,23,,,0
2019,'1475053',1956,,962,23,,,0
